epoch,iou
0.0,0.264462411403656
0.0,0.3385185003280639
0.0,0.5695447325706482
0.0,0.7330328226089478
0.0,0.623133659362793
0.0,0.4835460186004638
0.0,0.3699924647808075
0.0,0.550126850605011
0.0,0.1764842867851257
0.0,0.2565252184867859
0.0,0.3401908278465271
0.0,0.4986569881439209
0.0,0.1076379939913749
0.0,0.6792929768562317
0.0,0.2232550233602523
0.0,0.683426022529602
0.0,0.4261206388473511
0.0,0.5610968470573425
0.0,0.1518641859292984
0.0,0.3107612431049347
0.0,0.2966188788414001
0.0,0.6775254011154175
0.0,0.6160276532173157
0.0,0.6720457077026367
0.0,0.5653193593025208
0.0,0.2264269590377807
0.0,0.2752902209758758
0.0,0.4334979355335235
0.0,0.0918050706386566
0.0,0.3069857358932495
0.0,0.2526007294654846
0.0,0.1423134803771972
0.0,0.2777672410011291
0.0,0.2329261302947998
0.0,0.0656412839889526
0.0,0.2985455393791199
0.0,0.1623892188072204
0.0,0.306054949760437
0.0,0.1118470206856727
0.0,0.1263877600431442
0.0,0.1960434764623642
0.0,0.1413710266351699
0.0,0.1150029674172401
0.0,0.3615811467170715
0.0,0.2402029335498809
0.0,0.2178511172533035
0.0,0.3548787534236908
0.0,0.8416160345077515
0.0,0.1202063038945198
0.0,2.9302310577961066e-11
0.0,0.0838066488504409
0.0,0.4176012873649597
0.0,0.4122941493988037
0.0,0.7553310394287109
0.0,0.1668972671031952
0.0,0.4555434584617615
0.0,0.3657085597515106
0.0,0.5044973492622375
0.0,0.1310988962650299
0.0,0.8053157329559326
0.0,0.207760214805603
0.0,0.2318209856748581
0.0,0.2590028345584869
0.0,0.7328134179115295
0.0,0.626116156578064
0.0,0.0658718347549438
0.0,0.5031340718269348
0.0,0.3205634653568268
0.0,0.14725361764431
0.0,0.3579867780208587
0.0,0.1348313093185424
0.0,0.3554905951023102
0.0,0.0819533243775367
0.0,0.2802850306034088
0.0,0.179111048579216
0.0,0.1580749750137329
0.0,0.0092227095738053
0.0,0.6759798526763916
0.0,0.2853007912635803
0.0,0.4181798100471496
0.0,0.3255360722541809
0.0,0.2469301074743271
0.0,0.0688338875770568
0.0,0.1782862842082977
0.0,0.1906224489212036
0.0,0.1338357329368591
0.0,0.3919801115989685
0.0,0.3477202653884887
0.0,0.5597768425941467
0.0,0.170318141579628
0.0,0.456884503364563
0.0,0.1724072098731994
0.0,0.5776349902153015
0.0,0.3738525509834289
0.0,0.0369139723479747
0.0,0.4866165816783905
0.0,0.2070767283439636
0.0,0.1050808057188987
0.0,0.1714002639055252
0.0,0.1216739416122436
1.0,0.3210349380970001
1.0,0.293626457452774
1.0,0.2353330552577972
1.0,0.1523410677909851
1.0,0.3820685148239136
1.0,0.6275219321250916
1.0,0.3296724855899811
1.0,0.6673504710197449
1.0,0.3767152726650238
1.0,0.3300724625587463
1.0,0.3657573163509369
1.0,0.8040458559989929
1.0,0.6859461665153503
1.0,0.2471954971551895
1.0,0.4285409152507782
1.0,0.7602136731147766
1.0,0.5917354226112366
1.0,8.610297891342711e-11
1.0,0.4429091215133667
1.0,0.7803448438644409
1.0,0.5203229188919067
1.0,0.1468085050582885
1.0,0.4028691351413727
1.0,0.4577187001705169
1.0,0.728725790977478
1.0,0.6262908577919006
1.0,0.7406532168388367
1.0,0.1675215512514114
1.0,0.3030571043491363
1.0,0.6276965737342834
1.0,0.4338921904563904
1.0,0.5414419174194336
1.0,0.30794358253479
1.0,0.4054823219776153
1.0,0.3409812450408935
1.0,0.4511274695396423
1.0,0.1588418632745742
1.0,0.7872521877288818
1.0,0.4785755574703216
1.0,0.2641434669494629
1.0,0.4991597831249237
1.0,0.6010791063308716
1.0,0.3492392897605896
1.0,0.3870416283607483
1.0,0.1639801114797592
1.0,0.1022213026881218
1.0,0.1130407303571701
1.0,0.3700905442237854
1.0,0.6720268726348877
1.0,0.7137419581413269
1.0,0.6033505797386169
1.0,0.419308066368103
1.0,0.0160235371440649
1.0,0.6311326622962952
1.0,0.5359606742858887
1.0,0.4508945047855377
1.0,0.2146323174238205
1.0,0.4086072742938995
1.0,0.3307766616344452
1.0,0.1742186546325683
1.0,0.2043523490428924
1.0,0.3277305364608764
1.0,0.2351487129926681
1.0,0.6413540244102478
1.0,0.4762340188026428
1.0,0.5585305690765381
1.0,0.6469404697418213
1.0,0.5750643014907837
1.0,0.0869521647691726
1.0,0.2886117696762085
1.0,0.5181852579116821
1.0,0.5538846850395203
1.0,0.3047259449958801
1.0,0.7408983707427979
1.0,0.8159701824188232
1.0,0.5426562428474426
1.0,0.2989308834075928
1.0,0.1606765836477279
1.0,0.403986394405365
1.0,0.5067422389984131
1.0,0.8243224024772644
1.0,0.5111689567565918
1.0,0.6824420690536499
1.0,0.3867823183536529
1.0,0.8302934765815735
1.0,0.4273448884487152
1.0,0.2173991203308105
1.0,0.4327771663665771
1.0,0.3091337978839874
1.0,0.2372534573078155
1.0,0.2202246189117431
1.0,0.5608488321304321
1.0,0.1102188676595687
1.0,0.7718294262886047
1.0,0.2504075765609741
1.0,0.5058912634849548
1.0,0.6678970456123352
1.0,0.3729719221591949
1.0,0.3569297194480896
1.0,0.221306636929512
2.0,0.646570086479187
2.0,0.5172842741012573
2.0,0.7847781181335449
2.0,0.7822438478469849
2.0,0.5294320583343506
2.0,0.6898087859153748
2.0,0.5834991335868835
2.0,0.5136459469795227
2.0,0.7584664821624756
2.0,0.5996348261833191
2.0,0.713661789894104
2.0,0.23666512966156
2.0,0.5497881770133972
2.0,0.4885255098342895
2.0,0.1767272055149078
2.0,0.5200100541114807
2.0,0.7146112322807312
2.0,0.3862116038799286
2.0,0.1631928235292434
2.0,0.5101388692855835
2.0,0.4128042459487915
2.0,0.6808604598045349
2.0,0.7602229714393616
2.0,0.4714961349964142
2.0,0.7325271964073181
2.0,0.6548348665237427
2.0,0.5161104202270508
2.0,0.8416216969490051
2.0,0.4231336116790771
2.0,0.6478046774864197
2.0,0.6019080877304077
2.0,0.5379998683929443
2.0,0.4088415801525116
2.0,0.4436379075050354
2.0,0.4102808535099029
2.0,0.4618136286735534
2.0,4.1425021746199775e-10
2.0,0.698442280292511
2.0,0.5481549501419067
2.0,0.497058629989624
2.0,0.6134530901908875
2.0,0.8597925901412964
2.0,0.3738963901996612
2.0,0.3034333884716034
2.0,0.1952206492424011
2.0,0.2954766154289245
2.0,0.4338172078132629
2.0,0.403346985578537
2.0,0.5111677646636963
2.0,0.3255182206630707
2.0,0.0456656813621521
2.0,0.53812575340271
2.0,0.6576443314552307
2.0,0.3604173958301544
2.0,0.6622163653373718
2.0,0.8598801493644714
2.0,0.2773293256759643
2.0,0.7774423360824585
2.0,0.5300331711769104
2.0,0.8433878421783447
2.0,0.6314558386802673
2.0,0.462069571018219
2.0,0.3539532124996185
2.0,0.738806426525116
2.0,0.2405808120965957
2.0,0.6587048768997192
2.0,0.4682624042034149
2.0,0.6183998584747314
2.0,0.7513679265975952
2.0,0.3399261236190796
2.0,0.1662315279245376
2.0,0.4594722390174866
2.0,0.6588651537895203
2.0,0.5219230055809021
2.0,0.3397169709205627
2.0,0.3555588126182556
2.0,0.5216687917709351
2.0,0.6985903978347778
2.0,0.8070037961006165
2.0,0.7849102020263672
2.0,0.6953403353691101
2.0,0.3060112595558166
2.0,0.3159729540348053
2.0,0.4241758584976196
2.0,0.365770936012268
2.0,0.3490199148654938
2.0,0.4210705459117889
2.0,0.5290462374687195
2.0,0.4166291058063507
2.0,0.4738278985023498
2.0,0.6236710548400879
2.0,0.1874341964721679
2.0,0.6268813014030457
2.0,0.4325458705425262
2.0,0.8162612318992615
2.0,0.5206729173660278
2.0,0.4756909012794494
2.0,0.8067280054092407
2.0,0.3515088558197021
2.0,0.7919353246688843
3.0,0.7534546852111816
3.0,0.5724918842315674
3.0,0.7835874557495117
3.0,0.4553959667682647
3.0,0.4893820285797119
3.0,0.1028532609343528
3.0,0.6983409523963928
3.0,0.6595317721366882
3.0,0.5158020257949829
3.0,0.5267041325569153
3.0,0.7220211029052734
3.0,0.7220210433006287
3.0,0.7607905864715576
3.0,0.4699238240718841
3.0,0.8528153896331787
3.0,0.7942773103713989
3.0,0.6969084143638611
3.0,0.5658711791038513
3.0,0.8344624638557434
3.0,0.4055403769016266
3.0,0.3510656952857971
3.0,0.590558648109436
3.0,0.5816176533699036
3.0,0.3856969177722931
3.0,0.5859929919242859
3.0,0.8225200772285461
3.0,0.8476142883300781
3.0,0.4326114952564239
3.0,0.5587049126625061
3.0,0.5384786128997803
3.0,0.7094776034355164
3.0,0.6568119525909424
3.0,0.6937416791915894
3.0,0.5590377449989319
3.0,0.8123670816421509
3.0,0.643421471118927
3.0,0.5600788593292236
3.0,0.5293367505073547
3.0,0.533839225769043
3.0,0.4508673548698425
3.0,0.6242676973342896
3.0,0.6890063881874084
3.0,0.4631299376487732
3.0,0.5832933187484741
3.0,0.7190155386924744
3.0,0.8565804958343506
3.0,0.2831768691539764
3.0,0.2836574018001556
3.0,0.4879056811332702
3.0,4.1425021746199775e-10
3.0,0.6018847823143005
3.0,0.5618155002593994
3.0,0.5162529945373535
3.0,0.6785309910774231
3.0,0.6693691611289978
3.0,0.3889412581920624
3.0,0.5306978225708008
3.0,0.5098956823348999
3.0,0.3811690211296081
3.0,0.6671861410140991
3.0,0.210802212357521
3.0,0.4751143157482147
3.0,0.7276202440261841
3.0,0.502837061882019
3.0,0.4891945719718933
3.0,0.3226774930953979
3.0,0.6893798112869263
3.0,0.7328607439994812
3.0,0.1839209794998169
3.0,0.6027357578277588
3.0,0.7378613352775574
3.0,0.5493289828300476
3.0,0.7779808044433594
3.0,0.7818200588226318
3.0,0.2156672477722168
3.0,0.5746034383773804
3.0,0.6802229881286621
3.0,0.6265519857406616
3.0,0.4405299723148346
3.0,0.2106937617063522
3.0,0.5088168978691101
3.0,0.788824200630188
3.0,0.6122205257415771
3.0,0.7825939655303955
3.0,0.6363869905471802
3.0,0.4013184010982513
3.0,0.1966101080179214
3.0,0.4757550656795501
3.0,0.439363956451416
3.0,0.4705976843833923
3.0,0.4401997625827789
3.0,0.760574996471405
3.0,0.3466363251209259
3.0,0.6209032535552979
3.0,0.745823323726654
3.0,0.5585328340530396
3.0,0.6954212784767151
3.0,0.6696562170982361
3.0,0.5643244385719299
3.0,0.3798882663249969
4.0,0.663528323173523
4.0,0.5096386075019836
4.0,0.7050836086273193
4.0,0.6200752854347229
4.0,0.4568994641304016
4.0,0.5897586345672607
4.0,0.7696403861045837
4.0,0.8599303364753723
4.0,0.7296234965324402
4.0,0.7682913541793823
4.0,0.6129242777824402
4.0,0.744992196559906
4.0,0.7234852313995361
4.0,0.6875421404838562
4.0,0.6317968368530273
4.0,0.7954719662666321
4.0,0.633402943611145
4.0,0.2004390954971313
4.0,0.6000363230705261
4.0,0.6065225601196289
4.0,0.8232951760292053
4.0,0.5924263000488281
4.0,0.6092193126678467
4.0,0.5784202814102173
4.0,0.6219275593757629
4.0,0.516701877117157
4.0,0.7600131034851074
4.0,0.6086704730987549
4.0,0.6866292357444763
4.0,0.6883758306503296
4.0,0.8595893979072571
4.0,0.5873022079467773
4.0,0.8469730019569397
4.0,0.70802903175354
4.0,0.6731523275375366
4.0,0.5864417552947998
4.0,0.3800875842571258
4.0,0.4564880728721618
4.0,0.4455837905406952
4.0,0.3184141516685486
4.0,0.7366173267364502
4.0,0.8029931783676147
4.0,0.7380448579788208
4.0,0.3495852053165436
4.0,0.8083394765853882
4.0,0.7434839606285095
4.0,0.093341551721096
4.0,0.203006625175476
4.0,0.7047588229179382
4.0,0.5305876135826111
4.0,0.5287363529205322
4.0,0.7163451313972473
4.0,0.6977982521057129
4.0,0.5016934871673584
4.0,0.2013517618179321
4.0,0.6283248662948608
4.0,0.764763593673706
4.0,0.8380889296531677
4.0,0.6522104144096375
4.0,0.4213925302028656
4.0,0.6046744585037231
4.0,0.6337717771530151
4.0,4.1425021746199775e-10
4.0,0.7664709687232971
4.0,0.4697277247905731
4.0,0.3211856484413147
4.0,0.8417620658874512
4.0,0.6714072227478027
4.0,0.6898024678230286
4.0,0.782021164894104
4.0,0.7194748520851135
4.0,0.779650866985321
4.0,0.7395581603050232
4.0,0.5373067259788513
4.0,0.5383800268173218
4.0,0.4794163703918457
4.0,0.827815055847168
4.0,0.4435720443725586
4.0,0.5259270071983337
4.0,0.7412986755371094
4.0,0.8639675378799438
4.0,0.6472809910774231
4.0,0.6741114854812622
4.0,0.6993095278739929
4.0,0.3911590874195099
4.0,0.8168744444847107
4.0,0.6258398294448853
4.0,0.2160587012767791
4.0,0.5393151044845581
4.0,0.5355117321014404
4.0,0.3980065882205963
4.0,0.4325348734855652
4.0,0.2609195113182068
4.0,0.7141504287719727
4.0,0.6079736351966858
4.0,0.4184727370738983
4.0,0.6851969361305237
4.0,0.575658917427063
4.0,0.5915887951850891
4.0,0.8395475745201111
5.0,0.6535979509353638
5.0,0.6371204257011414
5.0,0.7361470460891724
5.0,0.5922185778617859
5.0,0.7126476168632507
5.0,0.7528485059738159
5.0,0.863207221031189
5.0,0.6716338396072388
5.0,0.4969496726989746
5.0,0.7457897663116455
5.0,0.7630438804626465
5.0,0.7438098192214966
5.0,0.6036784648895264
5.0,0.7418652176856995
5.0,0.7459858059883118
5.0,0.3413803279399872
5.0,0.7439461946487427
5.0,0.220416635274887
5.0,0.5381593108177185
5.0,0.7482888698577881
5.0,0.6545445322990417
5.0,0.5650237202644348
5.0,0.8843973278999329
5.0,0.6140570044517517
5.0,0.7931674122810364
5.0,0.7859779596328735
5.0,0.7859129309654236
5.0,0.7829992175102234
5.0,0.2156597822904586
5.0,0.6790484189987183
5.0,4.1425021746199775e-10
5.0,0.6134654879570007
5.0,0.4294526576995849
5.0,0.6393218636512756
5.0,0.5718063116073608
5.0,0.1896292567253112
5.0,0.5068316459655762
5.0,0.513091504573822
5.0,0.6813672780990601
5.0,0.6097335815429688
5.0,0.8588530421257019
5.0,0.6371678709983826
5.0,0.4628302156925201
5.0,0.5534030199050903
5.0,0.6328875422477722
5.0,0.453284353017807
5.0,0.5123201608657837
5.0,0.7549106478691101
5.0,0.7510937452316284
5.0,0.7589483261108398
5.0,0.3937394917011261
5.0,0.3547418415546417
5.0,0.6575508713722229
5.0,0.6811969876289368
5.0,0.6995131373405457
5.0,0.6270150542259216
5.0,0.6207894682884216
5.0,0.3604216277599334
5.0,0.6336025595664978
5.0,0.6154387593269348
5.0,0.7261096239089966
5.0,0.6122121214866638
5.0,0.8039524555206299
5.0,0.5171151161193848
5.0,0.6731235384941101
5.0,0.7321965098381042
5.0,0.5988669991493225
5.0,0.5453370809555054
5.0,0.8351761102676392
5.0,0.5964727997779846
5.0,0.8396525382995605
5.0,0.1995667070150375
5.0,0.8843501806259155
5.0,0.659500241279602
5.0,0.4395316541194916
5.0,0.688309907913208
5.0,0.5060756206512451
5.0,0.8492519855499268
5.0,0.6850740909576416
5.0,0.880824625492096
5.0,0.4901522696018219
5.0,0.755507230758667
5.0,0.621187150478363
5.0,0.6786773204803467
5.0,0.6631653308868408
5.0,0.3827584087848663
5.0,0.4728903770446777
5.0,0.60108482837677
5.0,0.8517643213272095
5.0,0.5173666477203369
5.0,0.7929673790931702
5.0,0.5745341181755066
5.0,0.556098461151123
5.0,0.6787171363830566
5.0,0.447342962026596
5.0,0.6448142528533936
5.0,0.2204163372516632
5.0,0.1749191433191299
5.0,0.4582990407943725
5.0,0.4565457999706268
6.0,0.8481112718582153
6.0,0.6782454252243042
6.0,0.6916263699531555
6.0,0.6522715091705322
6.0,0.7218680381774902
6.0,0.6826795339584351
6.0,0.5392691493034363
6.0,0.7371841669082642
6.0,0.7686418294906616
6.0,0.6663471460342407
6.0,0.6065915822982788
6.0,0.7392692565917969
6.0,0.6366565227508545
6.0,0.7541690468788147
6.0,0.7818037271499634
6.0,0.3459597527980804
6.0,0.5995553135871887
6.0,0.6708177328109741
6.0,0.5468838810920715
6.0,0.7472687363624573
6.0,0.8780814409255981
6.0,0.6045984029769897
6.0,0.8862418532371521
6.0,0.6489417552947998
6.0,0.6127923727035522
6.0,0.7239625453948975
6.0,0.7015859484672546
6.0,0.8529332876205444
6.0,0.2398617416620254
6.0,0.7192042469978333
6.0,0.7729704976081848
6.0,0.6058510541915894
6.0,0.7426024079322815
6.0,0.7598555088043213
6.0,0.5864115357398987
6.0,0.6377820372581482
6.0,0.613987922668457
6.0,0.6837124824523926
6.0,0.7969239354133606
6.0,0.5124183893203735
6.0,0.8625734448432922
6.0,0.6117316484451294
6.0,0.653454601764679
6.0,0.8377235531806946
6.0,0.668807327747345
6.0,0.5222744941711426
6.0,0.5166494250297546
6.0,0.8091712594032288
6.0,0.6319056153297424
6.0,0.7928764224052429
6.0,0.7373109459877014
6.0,0.4925870299339294
6.0,0.7937804460525513
6.0,0.7618685960769653
6.0,0.5971493721008301
6.0,0.664598822593689
6.0,0.6658468246459961
6.0,0.4905716478824615
6.0,0.76336669921875
6.0,0.4723886251449585
6.0,0.7114388346672058
6.0,0.4687208831310272
6.0,0.8188470005989075
6.0,0.2104622572660446
6.0,0.8559771776199341
6.0,0.3452370464801788
6.0,0.6864932775497437
6.0,0.4583224952220917
6.0,0.861906111240387
6.0,0.583935022354126
6.0,0.707115888595581
6.0,0.8245287537574768
6.0,0.642235279083252
6.0,0.7298693656921387
6.0,0.7886654138565063
6.0,0.5640382766723633
6.0,0.3972334563732147
6.0,0.875061571598053
6.0,0.6285490989685059
6.0,0.3637367784976959
6.0,0.6983261108398438
6.0,0.7299355864524841
6.0,0.7741537094116211
6.0,0.5989060401916504
6.0,0.7913610935211182
6.0,0.6948246955871582
6.0,0.7139344811439514
6.0,0.4612399935722351
6.0,4.1425021746199775e-10
6.0,0.4562428891658783
6.0,0.7741668820381165
6.0,0.6427605152130127
6.0,0.1745973974466323
6.0,0.3371832370758056
6.0,0.7169706225395203
6.0,0.6493944525718689
6.0,0.5468428134918213
6.0,0.8302962779998779
6.0,0.5777465105056763
6.0,0.3572864532470703
7.0,0.6335446834564209
7.0,0.5585030317306519
7.0,0.7053804397583008
7.0,0.1992948651313781
7.0,0.7853624224662781
7.0,0.5576418042182922
7.0,0.6690215468406677
7.0,0.8134061098098755
7.0,0.4954505562782287
7.0,0.6807351112365723
7.0,0.6211544275283813
7.0,0.691511869430542
7.0,0.8494018316268921
7.0,0.7327495217323303
7.0,0.878198504447937
7.0,0.6094128489494324
7.0,0.6137363314628601
7.0,0.2156032621860504
7.0,0.4951405823230743
7.0,0.8198630809783936
7.0,0.3615090847015381
7.0,0.5307286977767944
7.0,0.7509324550628662
7.0,0.8053686618804932
7.0,0.5563393235206604
7.0,0.726862370967865
7.0,0.6473348140716553
7.0,4.1425021746199775e-10
7.0,0.6915479898452759
7.0,0.7997300028800964
7.0,0.8478112816810608
7.0,0.5252947211265564
7.0,0.7406367063522339
7.0,0.498336523771286
7.0,0.7913475632667542
7.0,0.7255979776382446
7.0,0.6001689434051514
7.0,0.2206769585609436
7.0,0.4090298414230346
7.0,0.5492029190063477
7.0,0.8822044134140015
7.0,0.7400019764900208
7.0,0.6199818253517151
7.0,0.8083488345146179
7.0,0.7076331973075867
7.0,0.7492465972900391
7.0,0.8719045519828796
7.0,0.6508263349533081
7.0,0.6891902089118958
7.0,0.3791742026805877
7.0,0.7836174368858337
7.0,0.7512389421463013
7.0,0.6534560322761536
7.0,0.8075687885284424
7.0,0.6803410053253174
7.0,0.594104528427124
7.0,0.445622444152832
7.0,0.906392216682434
7.0,0.4905397593975067
7.0,0.3615831136703491
7.0,0.6149466037750244
7.0,0.7414519786834717
7.0,0.7656644582748413
7.0,0.7147579193115234
7.0,0.6123487949371338
7.0,0.8562676310539246
7.0,0.781627893447876
7.0,0.7390232682228088
7.0,0.6802272200584412
7.0,0.768928587436676
7.0,0.6525310277938843
7.0,0.2324739694595337
7.0,0.7532178163528442
7.0,0.8032464385032654
7.0,0.8742196559906006
7.0,0.7816319465637207
7.0,0.5715748071670532
7.0,0.6877601146697998
7.0,0.697091281414032
7.0,0.4580730199813843
7.0,0.7306399941444397
7.0,0.7121744155883789
7.0,0.7343077659606934
7.0,0.6976045370101929
7.0,0.5364530086517334
7.0,0.8180318474769592
7.0,0.3392164707183838
7.0,0.7561373114585876
7.0,0.5747860074043274
7.0,0.7176489233970642
7.0,0.8541956543922424
7.0,0.6755511164665222
7.0,0.8517197966575623
7.0,0.5636946558952332
7.0,0.8190041184425354
7.0,0.6242231726646423
7.0,0.3765014708042145
7.0,0.7226952314376831
7.0,0.794158935546875
7.0,0.7796671390533447
8.0,0.2293244451284408
8.0,0.7985526919364929
8.0,0.7663641571998596
8.0,0.361788809299469
8.0,0.5702545046806335
8.0,0.6314597725868225
8.0,0.4865728914737701
8.0,0.7037157416343689
8.0,0.539628803730011
8.0,0.8170019388198853
8.0,0.6419998407363892
8.0,0.7517594695091248
8.0,0.5815492868423462
8.0,0.6417434215545654
8.0,0.8601829409599304
8.0,0.7647568583488464
8.0,0.7143733501434326
8.0,0.7081568241119385
8.0,0.7499324679374695
8.0,0.7033138871192932
8.0,0.7528533339500427
8.0,0.8701144456863403
8.0,0.8373650908470154
8.0,0.7628983855247498
8.0,0.71931391954422
8.0,0.8075094223022461
8.0,0.8678198456764221
8.0,0.6259756088256836
8.0,0.5229243040084839
8.0,0.822742760181427
8.0,0.8266820907592773
8.0,0.3119782209396362
8.0,0.8381667137145996
8.0,0.8208798766136169
8.0,0.6202073097229004
8.0,0.6658073663711548
8.0,0.8761229515075684
8.0,0.7948911190032959
8.0,0.7557905316352844
8.0,0.2463935911655426
8.0,0.7233180403709412
8.0,0.8530917763710022
8.0,0.4350097775459289
8.0,0.3202669620513916
8.0,0.8899994492530823
8.0,0.2063715606927871
8.0,0.6791611909866333
8.0,0.7729203701019287
8.0,0.6640743017196655
8.0,0.5300511121749878
8.0,4.1425021746199775e-10
8.0,0.6183058619499207
8.0,0.7779038548469543
8.0,0.76740562915802
8.0,0.609315037727356
8.0,0.4376720786094665
8.0,0.6158313155174255
8.0,0.7468178868293762
8.0,0.777072012424469
8.0,0.2345078289508819
8.0,0.6530333757400513
8.0,0.2171067595481872
8.0,0.4834343194961548
8.0,0.5258121490478516
8.0,0.8154628276824951
8.0,0.5875592827796936
8.0,0.482732206583023
8.0,0.7211332321166992
8.0,0.7908133864402771
8.0,0.8754754662513733
8.0,0.6101685166358948
8.0,0.8192287683486938
8.0,0.8161008954048157
8.0,0.8027149438858032
8.0,0.6694630980491638
8.0,0.7618166208267212
8.0,0.7012308835983276
8.0,0.7406004071235657
8.0,0.5254330039024353
8.0,0.6129693388938904
8.0,0.7136817574501038
8.0,0.6103624701499939
8.0,0.8422675132751465
8.0,0.5967674851417542
8.0,0.7198610901832581
8.0,0.8287085294723511
8.0,0.8564541935920715
8.0,0.6922629475593567
8.0,0.7422074675559998
8.0,0.619855523109436
8.0,0.7149848937988281
8.0,0.8217872381210327
8.0,0.8928506970405579
8.0,0.4352761507034302
8.0,0.8582620620727539
8.0,0.8170413970947266
8.0,0.667924165725708
8.0,0.7379616498947144
8.0,0.5961857438087463
8.0,0.7241522669792175
9.0,0.6956223845481873
9.0,0.7431491017341614
9.0,0.7196958661079407
9.0,0.6788480877876282
9.0,0.6796505451202393
9.0,0.8644704222679138
9.0,0.783645749092102
9.0,0.8508167862892151
9.0,0.8550546765327454
9.0,0.5398808121681213
9.0,0.5412796139717102
9.0,0.4045248925685882
9.0,0.6342461705207825
9.0,0.749069333076477
9.0,0.807802677154541
9.0,0.8531129956245422
9.0,0.8935849666595459
9.0,0.8401800990104675
9.0,0.635616660118103
9.0,0.5784741640090942
9.0,0.1930302381515503
9.0,0.6195760369300842
9.0,0.7345120906829834
9.0,0.7462108731269836
9.0,0.8615614771842957
9.0,0.7522294521331787
9.0,4.1425021746199775e-10
9.0,0.8305225372314453
9.0,0.7452397346496582
9.0,0.888687014579773
9.0,0.6142789125442505
9.0,0.3380534648895263
9.0,0.4861843287944793
9.0,0.7709298133850098
9.0,0.768849790096283
9.0,0.6364727020263672
9.0,0.6269631385803223
9.0,0.6802944540977478
9.0,0.5881567001342773
9.0,0.822884202003479
9.0,0.2807160317897796
9.0,0.7309251427650452
9.0,0.6969032883644104
9.0,0.6278266310691833
9.0,0.681708037853241
9.0,0.7482026815414429
9.0,0.7154356837272644
9.0,0.4652336239814758
9.0,0.7861164212226868
9.0,0.8965761065483093
9.0,0.5409209132194519
9.0,0.6819049715995789
9.0,0.7755922079086304
9.0,0.7383612394332886
9.0,0.7314276099205017
9.0,0.3777086734771728
9.0,0.5991514921188354
9.0,0.8405723571777344
9.0,0.6630417108535767
9.0,0.6559319496154785
9.0,0.4196068346500397
9.0,0.563441276550293
9.0,0.6752399206161499
9.0,0.8515216112136841
9.0,0.7751103043556213
9.0,0.6065950989723206
9.0,0.865872323513031
9.0,0.7098950743675232
9.0,0.682979166507721
9.0,0.7854965925216675
9.0,0.8147297501564026
9.0,0.4378599524497986
9.0,0.8804479837417603
9.0,0.8218796849250793
9.0,0.6836864948272705
9.0,0.6154908537864685
9.0,0.7810506224632263
9.0,0.7768865823745728
9.0,0.757708728313446
9.0,0.2379702031612396
9.0,0.7617015242576599
9.0,0.6445180773735046
9.0,0.6623196005821228
9.0,0.7604812383651733
9.0,0.7952382564544678
9.0,0.8763618469238281
9.0,0.7452231645584106
9.0,0.7672353386878967
9.0,0.7351474761962891
9.0,0.8218055963516235
9.0,0.833450973033905
9.0,0.36962890625
9.0,0.7296795845031738
9.0,0.4978270828723907
9.0,0.8171518445014954
9.0,0.644644021987915
9.0,0.750145435333252
9.0,0.6412200927734375
9.0,0.671420693397522
9.0,0.7733954787254333
10.0,0.8187392354011536
10.0,0.7223819494247437
10.0,0.8878375291824341
10.0,0.6108250617980957
10.0,0.9025702476501464
10.0,0.8514060378074646
10.0,0.8774693608283997
10.0,0.620197594165802
10.0,0.8387860059738159
10.0,0.5889731645584106
10.0,0.8851991891860962
10.0,0.680152177810669
10.0,0.7065812349319458
10.0,0.7903739213943481
10.0,0.8070312142372131
10.0,0.8260031938552856
10.0,0.6883314251899719
10.0,0.8607963919639587
10.0,0.8915442824363708
10.0,0.4145360887050628
10.0,0.7899723649024963
10.0,0.8568314909934998
10.0,0.8242731690406799
10.0,0.7873361706733704
10.0,0.683668851852417
10.0,0.5814610123634338
10.0,0.6240049600601196
10.0,0.5357055068016052
10.0,0.8348532915115356
10.0,0.9082966446876526
10.0,0.2422230690717697
10.0,0.8966601490974426
10.0,0.701951265335083
10.0,0.8044760823249817
10.0,0.7667863965034485
10.0,0.8485311269760132
10.0,0.7278120517730713
10.0,0.8615167737007141
10.0,0.657459557056427
10.0,0.8514904379844666
10.0,0.6820546984672546
10.0,0.6298641562461853
10.0,0.8500358462333679
10.0,0.5775303840637207
10.0,0.7076439261436462
10.0,0.7844362258911133
10.0,0.1766294687986374
10.0,0.6156630516052246
10.0,0.2182861119508743
10.0,0.7597272396087646
10.0,0.3188119828701019
10.0,0.5647157430648804
10.0,0.8492569327354431
10.0,0.8102349638938904
10.0,0.7651998996734619
10.0,0.6760050058364868
10.0,0.7610195875167847
10.0,0.8283531665802002
10.0,0.7707328796386719
10.0,0.8711691498756409
10.0,0.910833179950714
10.0,0.7397586703300476
10.0,0.7093733549118042
10.0,0.8691002726554871
10.0,0.8739686012268066
10.0,4.1425021746199775e-10
10.0,0.488334983587265
10.0,0.4587138891220093
10.0,0.6889349818229675
10.0,0.7853332161903381
10.0,0.3745704591274261
10.0,0.7350614666938782
10.0,0.8329566717147827
10.0,0.7690446972846985
10.0,0.7459803223609924
10.0,0.7906947135925293
10.0,0.5677175521850586
10.0,0.8240912556648254
10.0,0.664027750492096
10.0,0.5649101138114929
10.0,0.7727115154266357
10.0,0.7861694693565369
10.0,0.6572580933570862
10.0,0.7169279456138611
10.0,0.8645868301391602
10.0,0.7710968255996704
10.0,0.680587649345398
10.0,0.2772521078586578
10.0,0.7674829363822937
10.0,0.5223957300186157
10.0,0.7447077631950378
10.0,0.8854749202728271
10.0,0.7264275550842285
10.0,0.9166480302810668
10.0,0.811375081539154
10.0,0.5219064950942993
10.0,0.2038782685995102
10.0,0.7737407684326172
10.0,0.8736569881439209
10.0,0.7445300221443176
11.0,0.7854032516479492
11.0,0.8584732413291931
11.0,0.8121578693389893
11.0,0.5949753522872925
11.0,0.5456434488296509
11.0,0.5526730418205261
11.0,0.584152340888977
11.0,0.7085579633712769
11.0,0.6539705395698547
11.0,0.8037744760513306
11.0,0.7444785237312317
11.0,0.646173894405365
11.0,0.7176960706710815
11.0,0.8680142164230347
11.0,0.6721410155296326
11.0,0.8373567461967468
11.0,0.7053426504135132
11.0,0.7451116442680359
11.0,0.7625113725662231
11.0,0.6772334575653076
11.0,0.8814520239830017
11.0,0.72087562084198
11.0,0.7289102673530579
11.0,0.2697072029113769
11.0,0.5065488219261169
11.0,0.8771225214004517
11.0,0.7940893173217773
11.0,0.8359463214874268
11.0,0.80216383934021
11.0,0.7362964153289795
11.0,0.8816103935241699
11.0,0.4301890134811401
11.0,0.6495041251182556
11.0,0.8456385135650635
11.0,0.8552640080451965
11.0,0.6779152750968933
11.0,0.8544548749923706
11.0,0.8288068771362305
11.0,0.6322814226150513
11.0,0.6298661231994629
11.0,0.757435142993927
11.0,0.5590841770172119
11.0,0.7985026836395264
11.0,0.8092131018638611
11.0,0.1596914231777191
11.0,0.8483912944793701
11.0,0.5726175904273987
11.0,4.1425021746199775e-10
11.0,0.6854029893875122
11.0,0.8294861912727356
11.0,0.7486118674278259
11.0,0.240514874458313
11.0,0.8596808910369873
11.0,0.6246424317359924
11.0,0.5017446875572205
11.0,0.8387566804885864
11.0,0.5488916039466858
11.0,0.3827485740184784
11.0,0.9049083590507508
11.0,0.7731956839561462
11.0,0.7922827005386353
11.0,0.6890037655830383
11.0,0.817328929901123
11.0,0.8363878726959229
11.0,0.8879584670066833
11.0,0.7416284680366516
11.0,0.8165003657341003
11.0,0.7331612706184387
11.0,0.727558434009552
11.0,0.6937437653541565
11.0,0.7701652646064758
11.0,0.3082840740680694
11.0,0.6721147298812866
11.0,0.7724289298057556
11.0,0.7110518217086792
11.0,0.7309206128120422
11.0,0.5870546102523804
11.0,0.8701728582382202
11.0,0.8670305013656616
11.0,0.907206416130066
11.0,0.8083917498588562
11.0,0.8035946488380432
11.0,0.519670844078064
11.0,0.727138102054596
11.0,0.8710030317306519
11.0,0.7167855501174927
11.0,0.7761921286582947
11.0,0.8064208626747131
11.0,0.810771644115448
11.0,0.8251745104789734
11.0,0.5898582935333252
11.0,0.7829779982566833
11.0,0.6879370212554932
11.0,0.8359807729721069
11.0,0.7835543751716614
11.0,0.5284404754638672
11.0,0.69994056224823
11.0,0.4462944269180298
11.0,0.7604707479476929
11.0,0.5039734840393066
12.0,0.8661932945251465
12.0,0.4398202896118164
12.0,0.814182698726654
12.0,0.772758960723877
12.0,0.7774031758308411
12.0,0.7706384062767029
12.0,0.6596305966377258
12.0,0.8982459306716919
12.0,0.7885010242462158
12.0,4.1425021746199775e-10
12.0,0.7227420806884766
12.0,0.5190272331237793
12.0,0.8508360981941223
12.0,0.8798779845237732
12.0,0.8745847344398499
12.0,0.5625488758087158
12.0,0.5662683248519897
12.0,0.7911854386329651
12.0,0.7493929862976074
12.0,0.7143243551254272
12.0,0.8645511269569397
12.0,0.6058611273765564
12.0,0.8405030965805054
12.0,0.5263704061508179
12.0,0.9216672778129578
12.0,0.7117034792900085
12.0,0.1485779881477356
12.0,0.8078139424324036
12.0,0.8503978252410889
12.0,0.6270546317100525
12.0,0.8064000606536865
12.0,0.8304629325866699
12.0,0.8136833906173706
12.0,0.8447737097740173
12.0,0.7766502499580383
12.0,0.5574401021003723
12.0,0.8588144183158875
12.0,0.3192428946495056
12.0,0.7532712817192078
12.0,0.8512773513793945
12.0,0.2392951995134353
12.0,0.3178510367870331
12.0,0.8440439105033875
12.0,0.378052145242691
12.0,0.8056619167327881
12.0,0.6974722743034363
12.0,0.758746862411499
12.0,0.4695320129394531
12.0,0.8414769172668457
12.0,0.6129936575889587
12.0,0.8297463059425354
12.0,0.710429310798645
12.0,0.7689033150672913
12.0,0.8674394488334656
12.0,0.4992825388908386
12.0,0.8162182569503784
12.0,0.8408814072608948
12.0,0.6706010103225708
12.0,0.8803406953811646
12.0,0.7946030497550964
12.0,0.7391131520271301
12.0,0.6676452159881592
12.0,0.8931236267089844
12.0,0.5921091437339783
12.0,0.8275383114814758
12.0,0.6040841937065125
12.0,0.6313558220863342
12.0,0.7238369584083557
12.0,0.6847131848335266
12.0,0.6771079301834106
12.0,0.643320620059967
12.0,0.7453389763832092
12.0,0.7896180748939514
12.0,0.7123753428459167
12.0,0.8481531143188477
12.0,0.7375721335411072
12.0,0.877216637134552
12.0,0.8119664788246155
12.0,0.7844287753105164
12.0,0.8577517867088318
12.0,0.6813920736312866
12.0,0.7347398996353149
12.0,0.7450767159461975
12.0,0.7627869248390198
12.0,0.7529507875442505
12.0,0.7930184602737427
12.0,0.687009871006012
12.0,0.5454992055892944
12.0,0.7578743696212769
12.0,0.5969877243041992
12.0,0.7139354944229126
12.0,0.8352519273757935
12.0,0.545832633972168
12.0,0.7039296627044678
12.0,0.7934731245040894
12.0,0.6801878213882446
12.0,0.5491912364959717
12.0,0.7117570042610168
12.0,0.7335618734359741
12.0,0.727380633354187
13.0,0.8554917573928833
13.0,0.849452018737793
13.0,0.8703464269638062
13.0,0.6899728178977966
13.0,0.8158451318740845
13.0,0.8835064172744751
13.0,0.7678587436676025
13.0,0.8451570272445679
13.0,0.824059009552002
13.0,0.4761374890804291
13.0,0.8366019129753113
13.0,0.3672142326831817
13.0,0.8314592838287354
13.0,0.877314031124115
13.0,0.8830669522285461
13.0,0.7731367349624634
13.0,0.80093914270401
13.0,0.7708587646484375
13.0,0.8568555116653442
13.0,0.8389924764633179
13.0,0.5824375152587891
13.0,0.5624061226844788
13.0,0.7398597598075867
13.0,0.7451293468475342
13.0,0.4668292105197906
13.0,0.7966375946998596
13.0,0.7996506094932556
13.0,0.6145395636558533
13.0,0.843203067779541
13.0,0.7346855998039246
13.0,0.1326480060815811
13.0,0.4336448013782501
13.0,0.6040346622467041
13.0,0.687635064125061
13.0,0.8793578147888184
13.0,0.7830786108970642
13.0,0.5252962708473206
13.0,0.8198757767677307
13.0,0.8901650905609131
13.0,0.7351198196411133
13.0,0.8286041617393494
13.0,0.6458793878555298
13.0,0.7093940377235413
13.0,0.7974122166633606
13.0,0.6892523765563965
13.0,0.7388899326324463
13.0,0.8134459257125854
13.0,0.6472883224487305
13.0,4.1425021746199775e-10
13.0,0.6887516379356384
13.0,0.8047090768814087
13.0,0.8586727380752563
13.0,0.7797894477844238
13.0,0.6828003525733948
13.0,0.7259562015533447
13.0,0.8297840356826782
13.0,0.4652734994888305
13.0,0.3520892560482025
13.0,0.7251911163330078
13.0,0.8358615040779114
13.0,0.8273898959159851
13.0,0.9184624552726746
13.0,0.883536696434021
13.0,0.8034481406211853
13.0,0.8543413281440735
13.0,0.6960229277610779
13.0,0.7275810837745667
13.0,0.8058854937553406
13.0,0.6863076090812683
13.0,0.7335869669914246
13.0,0.6826240420341492
13.0,0.7894374132156372
13.0,0.8186836838722229
13.0,0.6180652976036072
13.0,0.3948679268360138
13.0,0.7189133167266846
13.0,0.7718173265457153
13.0,0.2487158328294754
13.0,0.8442196846008301
13.0,0.7497690320014954
13.0,0.7302070260047913
13.0,0.8647314310073853
13.0,0.5967724919319153
13.0,0.7642826437950134
13.0,0.5374395251274109
13.0,0.7933974266052246
13.0,0.7580490708351135
13.0,0.7952101826667786
13.0,0.7400796413421631
13.0,0.5069175958633423
13.0,0.696617066860199
13.0,0.8456471562385559
13.0,0.6805869340896606
13.0,0.8603179454803467
13.0,0.5366713404655457
13.0,0.6522193551063538
13.0,0.678145170211792
13.0,0.7917431592941284
13.0,0.900367259979248
13.0,0.6040734052658081
14.0,0.8589940667152405
14.0,0.7883743643760681
14.0,0.6695611476898193
14.0,0.5863995552062988
14.0,0.8064333200454712
14.0,0.8482704758644104
14.0,0.8878262042999268
14.0,0.8295727372169495
14.0,0.1376557350158691
14.0,0.8747567534446716
14.0,0.6124660968780518
14.0,0.5641213655471802
14.0,0.7326455116271973
14.0,0.668639600276947
14.0,0.8203089237213135
14.0,0.8074071407318115
14.0,0.8295676708221436
14.0,0.5166275501251221
14.0,0.7993159294128418
14.0,0.7885129451751709
14.0,0.2270800918340683
14.0,0.7247956395149231
14.0,0.916380763053894
14.0,0.8171593546867371
14.0,0.8770191669464111
14.0,0.8592059016227722
14.0,0.7132925987243652
14.0,0.7707164883613586
14.0,0.8973002433776855
14.0,0.5129250288009644
14.0,0.8230875134468079
14.0,0.8232559561729431
14.0,0.881026566028595
14.0,0.6554540991783142
14.0,0.7579529285430908
14.0,0.4552181661128998
14.0,0.4047590494155884
14.0,0.7610106468200684
14.0,0.5960654020309448
14.0,0.6745333075523376
14.0,0.8556588888168335
14.0,0.9049001336097716
14.0,0.4184632301330566
14.0,0.8542798161506653
14.0,0.7815108895301819
14.0,0.8951117992401123
14.0,0.3997844159603119
14.0,0.7696070075035095
14.0,0.8073797821998596
14.0,4.1425021746199775e-10
14.0,0.6743119359016418
14.0,0.8934918642044067
14.0,0.5540167093276978
14.0,0.8276689052581787
14.0,0.8233991265296936
14.0,0.8256635665893555
14.0,0.3784050345420837
14.0,0.7622625827789307
14.0,0.7226219177246094
14.0,0.7943276166915894
14.0,0.5180751085281372
14.0,0.6470398902893066
14.0,0.7683256268501282
14.0,0.8671559691429138
14.0,0.6619041562080383
14.0,0.8735492825508118
14.0,0.7333259582519531
14.0,0.7009890079498291
14.0,0.7304252982139587
14.0,0.8159286379814148
14.0,0.8270303010940552
14.0,0.903882622718811
14.0,0.6693297028541565
14.0,0.8453487753868103
14.0,0.6942671537399292
14.0,0.8347632884979248
14.0,0.7937461733818054
14.0,0.8474323749542236
14.0,0.6008585095405579
14.0,0.5233253836631775
14.0,0.7875609397888184
14.0,0.8485087752342224
14.0,0.8885272741317749
14.0,0.8446993231773376
14.0,0.7844815850257874
14.0,0.778736412525177
14.0,0.7531473636627197
14.0,0.7240252494812012
14.0,0.8795143365859985
14.0,0.849420428276062
14.0,0.7812250852584839
14.0,0.7483537793159485
14.0,0.7272871732711792
14.0,0.8985273838043213
14.0,0.6911914348602295
14.0,0.7379036545753479
14.0,0.9036083221435548
14.0,0.8268592953681946
14.0,0.7592509984970093
14.0,0.7027704119682312
15.0,0.8880992531776428
15.0,0.7198939919471741
15.0,0.7816246151924133
15.0,0.881560742855072
15.0,0.8453851342201233
15.0,0.8082730770111084
15.0,0.7213689684867859
15.0,0.8547297120094299
15.0,0.8758803009986877
15.0,0.8637354969978333
15.0,0.8353946805000305
15.0,0.5852720737457275
15.0,0.4348877072334289
15.0,0.8628506064414978
15.0,0.8063902854919434
15.0,4.1425021746199775e-10
15.0,0.7989197373390198
15.0,0.8628857731819153
15.0,0.371061772108078
15.0,0.6812481880187988
15.0,0.5601676106452942
15.0,0.7167208194732666
15.0,0.7615415453910828
15.0,0.8492603898048401
15.0,0.8674104809761047
15.0,0.9005442261695862
15.0,0.8969709873199463
15.0,0.7091450095176697
15.0,0.7956432104110718
15.0,0.7231398820877075
15.0,0.8802407383918762
15.0,0.8350651860237122
15.0,0.7174476981163025
15.0,0.6188246011734009
15.0,0.424189805984497
15.0,0.8091855049133301
15.0,0.7061102390289307
15.0,0.6671802997589111
15.0,0.7187871336936951
15.0,0.9086639285087584
15.0,0.7895907759666443
15.0,0.5803852677345276
15.0,0.7695305943489075
15.0,0.8499095439910889
15.0,0.7394196391105652
15.0,0.7664531469345093
15.0,0.8110726475715637
15.0,0.7552002668380737
15.0,0.7133685350418091
15.0,0.7342388033866882
15.0,0.5442322492599487
15.0,0.6980652213096619
15.0,0.7598022222518921
15.0,0.5951996445655823
15.0,0.7379156351089478
15.0,0.8707654476165771
15.0,0.2503433525562286
15.0,0.9057973027229308
15.0,0.8130844831466675
15.0,0.3853968679904938
15.0,0.6797590851783752
15.0,0.6451689600944519
15.0,0.6474584937095642
15.0,0.6708994507789612
15.0,0.7761737108230591
15.0,0.8965908885002136
15.0,0.6059126257896423
15.0,0.7933780550956726
15.0,0.828246533870697
15.0,0.1395847350358963
15.0,0.8374743461608887
15.0,0.6824209094047546
15.0,0.7875314354896545
15.0,0.7378817796707153
15.0,0.7761732935905457
15.0,0.7364763021469116
15.0,0.7493876814842224
15.0,0.8387850522994995
15.0,0.8824931979179382
15.0,0.8379459381103516
15.0,0.8275145292282104
15.0,0.7280929088592529
15.0,0.7519475221633911
15.0,0.8116500973701477
15.0,0.8548687696456909
15.0,0.423408567905426
15.0,0.8959086537361145
15.0,0.6562953591346741
15.0,0.8780899047851562
15.0,0.4991832077503204
15.0,0.8445488214492798
15.0,0.805609941482544
15.0,0.911839723587036
15.0,0.8863049149513245
15.0,0.8906912207603455
15.0,0.794418215751648
15.0,0.7643809914588928
15.0,0.862514317035675
15.0,0.4177704155445099
15.0,0.6666666865348816
16.0,0.6931740641593933
16.0,0.5800915956497192
16.0,0.7943609356880188
16.0,0.770612359046936
16.0,0.7960380911827087
16.0,0.8090037107467651
16.0,0.8499770164489746
16.0,0.2558962404727936
16.0,0.8801651000976562
16.0,0.7594813704490662
16.0,0.8427888751029968
16.0,0.8424476981163025
16.0,0.6908160448074341
16.0,0.7559026479721069
16.0,0.4258466064929962
16.0,0.9074166417121888
16.0,0.782999575138092
16.0,0.7591106295585632
16.0,0.8758014440536499
16.0,0.8315635323524475
16.0,0.8083168268203735
16.0,0.8607063293457031
16.0,0.8215058445930481
16.0,0.6425086855888367
16.0,0.7362163066864014
16.0,0.7515968680381775
16.0,0.6703832149505615
16.0,0.8903160691261292
16.0,0.8572463989257812
16.0,0.7572963237762451
16.0,0.5678367614746094
16.0,0.7830655574798584
16.0,0.919889509677887
16.0,0.7087313532829285
16.0,0.719364583492279
16.0,0.6853829622268677
16.0,0.5884497761726379
16.0,0.3829841613769531
16.0,0.7250947952270508
16.0,0.5829290747642517
16.0,0.6731674075126648
16.0,0.735920786857605
16.0,0.7545469999313354
16.0,0.7577009797096252
16.0,0.857406735420227
16.0,0.8423901200294495
16.0,0.9219181537628174
16.0,0.879524827003479
16.0,0.8457366228103638
16.0,0.8726934790611267
16.0,0.7599999904632568
16.0,0.8874289989471436
16.0,0.8097839951515198
16.0,0.4266933798789978
16.0,0.8527348041534424
16.0,0.8725217580795288
16.0,0.8801873922348022
16.0,0.2584584951400757
16.0,0.7747111320495605
16.0,0.7126300930976868
16.0,0.9050443172454834
16.0,0.8958938121795654
16.0,0.7286972403526306
16.0,0.815777063369751
16.0,0.9107561707496644
16.0,0.7602745294570923
16.0,0.8591042160987854
16.0,0.743566632270813
16.0,0.8225192427635193
16.0,0.619076669216156
16.0,0.7513983845710754
16.0,0.1354241818189621
16.0,0.891179621219635
16.0,0.8444989919662476
16.0,0.9056946039199828
16.0,0.8864166140556335
16.0,0.7208840847015381
16.0,0.6128219962120056
16.0,0.577747106552124
16.0,0.6950011253356934
16.0,0.5792319774627686
16.0,0.7382343411445618
16.0,0.7148547172546387
16.0,0.8282208442687988
16.0,0.913549542427063
16.0,0.7564634680747986
16.0,0.8102251887321472
16.0,0.8046226501464844
16.0,0.859834611415863
16.0,0.6899519562721252
16.0,0.8340151906013489
16.0,0.7545815706253052
16.0,0.636152982711792
16.0,0.8057684302330017
16.0,0.8522869944572449
16.0,4.1425021746199775e-10
16.0,0.8477976322174072
16.0,0.8151551485061646
16.0,0.5566132664680481
16.0,0.8064935803413391
17.0,0.5764781832695007
17.0,0.6152219772338867
17.0,0.7505057454109192
17.0,0.9291317462921144
17.0,0.6054343581199646
17.0,0.8195868730545044
17.0,0.8899246454238892
17.0,0.8111901879310608
17.0,0.8863751888275146
17.0,0.9019660949707032
17.0,0.9109970331192015
17.0,0.7298643589019775
17.0,0.670381486415863
17.0,0.9251346588134766
17.0,0.6653132438659668
17.0,0.8390106558799744
17.0,0.8103140592575073
17.0,0.1529873013496399
17.0,0.8528476357460022
17.0,0.9211928248405457
17.0,0.7656542062759399
17.0,0.6756696105003357
17.0,0.5668023824691772
17.0,0.6742236614227295
17.0,0.7345450520515442
17.0,0.8809252977371216
17.0,0.2478433698415756
17.0,0.6335067749023438
17.0,0.8249672651290894
17.0,0.8987021446228027
17.0,0.1734226047992706
17.0,0.7565420866012573
17.0,0.7199538946151733
17.0,0.7254016995429993
17.0,0.3847323954105377
17.0,0.3240553736686706
17.0,0.8871768116950989
17.0,0.8944997787475586
17.0,0.8561118245124817
17.0,0.8222793936729431
17.0,0.7189114093780518
17.0,0.8277310729026794
17.0,0.9158366322517396
17.0,0.7760799527168274
17.0,0.8031729459762573
17.0,0.8744974136352539
17.0,0.9069403409957886
17.0,0.7994844913482666
17.0,0.7255665063858032
17.0,0.8174943923950195
17.0,0.6615831851959229
17.0,0.4718937575817108
17.0,0.768134355545044
17.0,0.8275526762008667
17.0,0.867946982383728
17.0,0.8742327094078064
17.0,0.768836498260498
17.0,0.4638019502162933
17.0,0.8434850573539734
17.0,0.8461315035820007
17.0,0.899876594543457
17.0,0.8985424637794495
17.0,0.9021376371383668
17.0,0.7782015204429626
17.0,0.7788699865341187
17.0,0.7582640051841736
17.0,0.8125326633453369
17.0,0.8816214203834534
17.0,0.7667924761772156
17.0,0.8856210708618164
17.0,0.8370740413665771
17.0,0.8553521633148193
17.0,0.7714661359786987
17.0,0.6690217852592468
17.0,0.907975435256958
17.0,0.5573880076408386
17.0,0.8907126784324646
17.0,0.6194109916687012
17.0,4.1425021746199775e-10
17.0,0.5480166077613831
17.0,0.8516310453414917
17.0,0.8418102264404297
17.0,0.7612391114234924
17.0,0.8158540725708008
17.0,0.7133933305740356
17.0,0.8421717286109924
17.0,0.7610277533531189
17.0,0.9187966585159302
17.0,0.7375452518463135
17.0,0.6272340416908264
17.0,0.6071603298187256
17.0,0.8479377031326294
17.0,0.6436063647270203
17.0,0.6584773659706116
17.0,0.7783709168434143
17.0,0.8950911164283752
17.0,0.8604081869125366
17.0,0.771568775177002
17.0,0.7804993391036987
17.0,0.8017105460166931
18.0,0.7611225843429565
18.0,0.1411217302083969
18.0,0.7820404171943665
18.0,0.9228284358978271
18.0,0.6383096575737
18.0,0.893807053565979
18.0,0.8339961767196655
18.0,0.3808281421661377
18.0,0.8853457570075989
18.0,0.7275277376174927
18.0,0.8453968167304993
18.0,0.3774232268333435
18.0,0.7291819453239441
18.0,0.7115055322647095
18.0,0.6427968144416809
18.0,0.700685441493988
18.0,0.7677165269851685
18.0,0.7838853597640991
18.0,0.8308775424957275
18.0,0.6845841407775879
18.0,0.8790450096130371
18.0,0.730615496635437
18.0,0.6789840459823608
18.0,0.8586728572845459
18.0,0.8257243633270264
18.0,0.8192813396453857
18.0,0.7692211270332336
18.0,0.8360730409622192
18.0,0.7556003928184509
18.0,0.9064401388168336
18.0,0.5756933093070984
18.0,0.7479945421218872
18.0,0.91867995262146
18.0,0.8903117775917053
18.0,0.8730090856552124
18.0,0.798708438873291
18.0,0.7599125504493713
18.0,0.8840782642364502
18.0,0.8719202876091003
18.0,0.8488015532493591
18.0,0.2513017356395721
18.0,0.6562277674674988
18.0,0.917281448841095
18.0,0.8050136566162109
18.0,0.8301753401756287
18.0,0.8365970849990845
18.0,0.7648054361343384
18.0,0.90246844291687
18.0,0.8774569630622864
18.0,0.5571275353431702
18.0,0.7954710125923157
18.0,0.6312307119369507
18.0,0.7411081790924072
18.0,0.4389213919639587
18.0,0.8344298005104065
18.0,0.7611909508705139
18.0,0.7254799604415894
18.0,0.2668498754501343
18.0,0.8129281997680664
18.0,0.6611772775650024
18.0,0.5201089382171631
18.0,0.9344866275787354
18.0,0.821632444858551
18.0,0.908611297607422
18.0,0.8014162182807922
18.0,0.747919499874115
18.0,0.6456140279769897
18.0,0.8174402713775635
18.0,0.8072801232337952
18.0,0.7491292953491211
18.0,0.7658694386482239
18.0,0.785498321056366
18.0,0.7489378452301025
18.0,0.8693765997886658
18.0,0.8717277646064758
18.0,0.8642767667770386
18.0,0.8934826850891113
18.0,0.6077135801315308
18.0,0.7501296997070312
18.0,0.8220579624176025
18.0,0.5579769015312195
18.0,0.6699482798576355
18.0,0.5743935108184814
18.0,0.8342413902282715
18.0,0.7818472981452942
18.0,0.8966907262802124
18.0,0.659721314907074
18.0,0.746496319770813
18.0,0.8483794331550598
18.0,0.7770892977714539
18.0,0.5943413972854614
18.0,0.7306066155433655
18.0,0.856858491897583
18.0,0.867858350276947
18.0,0.6817336082458496
18.0,0.8741750717163086
18.0,0.8977583050727844
18.0,0.9156795144081116
18.0,0.8977636694908142
18.0,4.1425021746199775e-10
19.0,0.2384873330593109
19.0,0.897864043712616
19.0,0.7247025370597839
19.0,0.3339214920997619
19.0,0.3544875681400299
19.0,0.730695366859436
19.0,0.914421796798706
19.0,0.8049330711364746
19.0,0.8392548561096191
19.0,0.784572422504425
19.0,0.5325108766555786
19.0,0.3282870054244995
19.0,0.6841672658920288
19.0,0.6783401966094971
19.0,0.7869018316268921
19.0,0.914188802242279
19.0,0.8231666684150696
19.0,0.9274997115135192
19.0,0.8077918887138367
19.0,0.8802959322929382
19.0,0.6650750637054443
19.0,0.470337301492691
19.0,0.842547595500946
19.0,0.7866098880767822
19.0,0.8368170261383057
19.0,0.9184685945510864
19.0,0.867870569229126
19.0,0.8736554384231567
19.0,0.7796556949615479
19.0,0.3773056864738464
19.0,0.9213683605194092
19.0,0.8541666865348816
19.0,0.9020652174949646
19.0,0.781398594379425
19.0,0.7600110769271851
19.0,0.894381582736969
19.0,0.8231821656227112
19.0,0.79680997133255
19.0,0.7797314524650574
19.0,0.8139816522598267
19.0,0.7600782513618469
19.0,0.8470813035964966
19.0,0.6541827321052551
19.0,0.7798815965652466
19.0,0.7218676805496216
19.0,0.8908571600914001
19.0,0.6079136729240417
19.0,0.7463746070861816
19.0,0.8645685911178589
19.0,0.8615224361419678
19.0,0.6768306493759155
19.0,0.9396616816520692
19.0,0.5457664132118225
19.0,0.9336231350898744
19.0,0.7787362933158875
19.0,0.8188813328742981
19.0,0.8490080237388611
19.0,0.8728264570236206
19.0,0.7427839040756226
19.0,0.6644818186759949
19.0,0.8262646794319153
19.0,0.6924458146095276
19.0,0.7227331399917603
19.0,0.9030669331550598
19.0,0.7787631154060364
19.0,0.903761088848114
19.0,0.8538303375244141
19.0,0.7093302607536316
19.0,0.8956924080848694
19.0,0.4155545234680176
19.0,0.8937007784843445
19.0,0.8273327350616455
19.0,0.8609129786491394
19.0,0.8888111114501953
19.0,0.825130820274353
19.0,0.8556087017059326
19.0,0.6562880277633667
19.0,0.8998168706893921
19.0,0.8181760907173157
19.0,0.8996182084083557
19.0,0.8227847814559937
19.0,0.7249425053596497
19.0,0.7407703995704651
19.0,0.7372684478759766
19.0,0.8085125684738159
19.0,0.8105872273445129
19.0,0.5645425915718079
19.0,0.8172568678855896
19.0,0.8781724572181702
19.0,0.7527016401290894
19.0,0.847485363483429
19.0,0.7499118447303772
19.0,0.6639284491539001
19.0,0.8992085456848145
19.0,4.1425021746199775e-10
19.0,0.150130033493042
19.0,0.66587233543396
19.0,0.7881630063056946
19.0,0.8598751425743103
19.0,0.7777899503707886
20.0,0.8488903641700745
20.0,0.894584059715271
20.0,0.634847104549408
20.0,0.4311759173870086
20.0,0.7727439403533936
20.0,0.329992413520813
20.0,0.8962606191635132
20.0,0.6611777544021606
20.0,0.8025636672973633
20.0,0.9009634256362916
20.0,0.7867048978805542
20.0,0.8718622922897339
20.0,0.7331177592277527
20.0,0.8885683417320251
20.0,0.80562424659729
20.0,0.6713826656341553
20.0,0.378557950258255
20.0,0.7885555028915405
20.0,0.5588358044624329
20.0,0.5129076242446899
20.0,0.864557683467865
20.0,0.7424295544624329
20.0,0.8531914949417114
20.0,0.8119403123855591
20.0,0.9267428517341614
20.0,0.8947795033454895
20.0,0.8776371479034424
20.0,0.7709563970565796
20.0,0.7914038300514221
20.0,0.8090211749076843
20.0,4.1425021746199775e-10
20.0,0.5731465220451355
20.0,0.7930446267127991
20.0,0.7533056139945984
20.0,0.8485015034675598
20.0,0.866973876953125
20.0,0.3534383773803711
20.0,0.909593105316162
20.0,0.8072289228439331
20.0,0.9167496562004088
20.0,0.8771787285804749
20.0,0.8469782471656799
20.0,0.7760342955589294
20.0,0.7847586274147034
20.0,0.8243836164474487
20.0,0.6588537693023682
20.0,0.6451080441474915
20.0,0.9066287875175476
20.0,0.8257757425308228
20.0,0.8906943798065186
20.0,0.7769880890846252
20.0,0.9137107133865356
20.0,0.7697572708129883
20.0,0.9025660157203674
20.0,0.78941410779953
20.0,0.7106779217720032
20.0,0.8266072869300842
20.0,0.9045335650444032
20.0,0.9247093796730042
20.0,0.7322820425033569
20.0,0.7527028918266296
20.0,0.6671266555786133
20.0,0.7514301538467407
20.0,0.7659276723861694
20.0,0.875499427318573
20.0,0.5544959902763367
20.0,0.8197566270828247
20.0,0.6885917782783508
20.0,0.7786405682563782
20.0,0.8013379573822021
20.0,0.877263605594635
20.0,0.7817049622535706
20.0,0.8327505588531494
20.0,0.2652251124382019
20.0,0.6868187785148621
20.0,0.857221245765686
20.0,0.9185774922370912
20.0,0.8397698402404785
20.0,0.8788868188858032
20.0,0.9184882044792176
20.0,0.7872506976127625
20.0,0.8493783473968506
20.0,0.1604828983545303
20.0,0.7329672574996948
20.0,0.807422399520874
20.0,0.6675612926483154
20.0,0.8345855474472046
20.0,0.8382543325424194
20.0,0.7277842164039612
20.0,0.6605669260025024
20.0,0.8750444650650024
20.0,0.7215704321861267
20.0,0.7384495735168457
20.0,0.6201774477958679
20.0,0.8567383885383606
20.0,0.6687183976173401
20.0,0.9082217812538148
20.0,0.8744888305664062
20.0,0.6531634330749512
20.0,0.6680349707603455
21.0,0.8741267919540405
21.0,0.8978269696235657
21.0,0.7440254092216492
21.0,0.6577767133712769
21.0,0.7932252287864685
21.0,0.7712295055389404
21.0,4.1425021746199775e-10
21.0,0.2369816601276397
21.0,0.6667404770851135
21.0,0.7847934365272522
21.0,0.8172906041145325
21.0,0.8840072154998779
21.0,0.1230509653687477
21.0,0.8195635080337524
21.0,0.539639949798584
21.0,0.8166697025299072
21.0,0.7781332731246948
21.0,0.8002098798751831
21.0,0.8771148920059204
21.0,0.908851444721222
21.0,0.8568214774131775
21.0,0.8666405081748962
21.0,0.9300388097763062
21.0,0.8552036285400391
21.0,0.9172008633613586
21.0,0.8113172650337219
21.0,0.8219284415245056
21.0,0.9090155959129332
21.0,0.6054178476333618
21.0,0.7062969207763672
21.0,0.8558744788169861
21.0,0.844317615032196
21.0,0.7959725260734558
21.0,0.6181665062904358
21.0,0.8647922873497009
21.0,0.9329241514205932
21.0,0.8947747945785522
21.0,0.8069760203361511
21.0,0.7536348700523376
21.0,0.7184315919876099
21.0,0.9095237851142884
21.0,0.610366702079773
21.0,0.8267630338668823
21.0,0.8403765559196472
21.0,0.8152612447738647
21.0,0.8387576341629028
21.0,0.7707061767578125
21.0,0.5566219687461853
21.0,0.7454490065574646
21.0,0.5678861737251282
21.0,0.7831373810768127
21.0,0.8237989544868469
21.0,0.7679485082626343
21.0,0.8066700100898743
21.0,0.916712999343872
21.0,0.7367357015609741
21.0,0.385811984539032
21.0,0.938692033290863
21.0,0.9105104804039
21.0,0.8550949692726135
21.0,0.5686091184616089
21.0,0.2502162158489227
21.0,0.8917496204376221
21.0,0.6887966990470886
21.0,0.4198647141456604
21.0,0.9170437455177308
21.0,0.852173924446106
21.0,0.8390708565711975
21.0,0.8405327200889587
21.0,0.8464481830596924
21.0,0.8559625744819641
21.0,0.8264496922492981
21.0,0.332052618265152
21.0,0.7459729909896851
21.0,0.9030172228813172
21.0,0.850292980670929
21.0,0.7680867910385132
21.0,0.692961573600769
21.0,0.9138924479484558
21.0,0.917376697063446
21.0,0.7453328967094421
21.0,0.8466287851333618
21.0,0.8652532696723938
21.0,0.8267825841903687
21.0,0.9157909154891968
21.0,0.7643694281578064
21.0,0.8955508470535278
21.0,0.6347830891609192
21.0,0.7861375212669373
21.0,0.892606258392334
21.0,0.8232540488243103
21.0,0.907536506652832
21.0,0.8763606548309326
21.0,0.8893333673477173
21.0,0.8637569546699524
21.0,0.7218350768089294
21.0,0.6400712132453918
21.0,0.5786860585212708
21.0,0.6871470808982849
21.0,0.8901582360267639
22.0,0.8124337196350098
22.0,0.5836432576179504
22.0,0.7217440605163574
22.0,0.3654101192951202
22.0,0.7793599963188171
22.0,0.104209579527378
22.0,0.8678503036499023
22.0,0.7332862615585327
22.0,0.6407644748687744
22.0,0.8228052854537964
22.0,0.914851188659668
22.0,0.8829068541526794
22.0,0.9159333109855652
22.0,0.8960298299789429
22.0,0.8573211431503296
22.0,0.791608452796936
22.0,0.8825348615646362
22.0,0.7447332739830017
22.0,0.8301835060119629
22.0,0.7890447378158569
22.0,0.6517611742019653
22.0,0.7256959676742554
22.0,4.1425021746199775e-10
22.0,0.7473540902137756
22.0,0.9109162092208862
22.0,0.6521645784378052
22.0,0.9024645090103148
22.0,0.8175325989723206
22.0,0.2659652531147003
22.0,0.7631475329399109
22.0,0.6923422813415527
22.0,0.8879725933074951
22.0,0.8155717253684998
22.0,0.6420981884002686
22.0,0.744513750076294
22.0,0.8804428577423096
22.0,0.9084905385971068
22.0,0.603912889957428
22.0,0.723236083984375
22.0,0.8298554420471191
22.0,0.8375069499015808
22.0,0.7321967482566833
22.0,0.5635732412338257
22.0,0.7600427269935608
22.0,0.7378634214401245
22.0,0.7032159566879272
22.0,0.8945691585540771
22.0,0.91620534658432
22.0,0.7482484579086304
22.0,0.8040362596511841
22.0,0.8227748274803162
22.0,0.8610696196556091
22.0,0.5425073504447937
22.0,0.3862259685993194
22.0,0.8803418874740601
22.0,0.6831129193305969
22.0,0.8724954724311829
22.0,0.7944694757461548
22.0,0.8533244729042053
22.0,0.7832075953483582
22.0,0.3907310664653778
22.0,0.9059675931930542
22.0,0.7562568187713623
22.0,0.8896551728248596
22.0,0.8607832789421082
22.0,0.8864483833312988
22.0,0.8413549065589905
22.0,0.5929043889045715
22.0,0.8366382718086243
22.0,0.842983603477478
22.0,0.9012336730957032
22.0,0.7564629316329956
22.0,0.7668325304985046
22.0,0.7776343822479248
22.0,0.9216437339782716
22.0,0.9201925992965698
22.0,0.6726633310317993
22.0,0.6526047587394714
22.0,0.8745841383934021
22.0,0.901122272014618
22.0,0.8519770503044128
22.0,0.8252591490745544
22.0,0.8193302154541016
22.0,0.6558099389076233
22.0,0.7593184113502502
22.0,0.8705955147743225
22.0,0.8503472805023193
22.0,0.7164633870124817
22.0,0.5768812298774719
22.0,0.357038289308548
22.0,0.8906974196434021
22.0,0.7708150744438171
22.0,0.8240965008735657
22.0,0.8125512599945068
22.0,0.8125300407409668
22.0,0.8512334823608398
22.0,0.5683774948120117
22.0,0.7904825210571289
22.0,0.8288528919219971
22.0,0.6967057585716248
23.0,0.6918065547943115
23.0,0.8012015223503113
23.0,0.9222065806388856
23.0,0.9181050062179564
23.0,0.7754193544387817
23.0,0.8498845100402832
23.0,0.9162672162055968
23.0,0.8603777289390564
23.0,0.7862809300422668
23.0,0.7887715101242065
23.0,0.8673811554908752
23.0,0.7813950181007385
23.0,0.0951364338397979
23.0,0.8610020279884338
23.0,0.6762257218360901
23.0,0.6686882376670837
23.0,0.5053986310958862
23.0,0.8131557703018188
23.0,0.7539825439453125
23.0,0.569360077381134
23.0,0.6728258728981018
23.0,0.8128509521484375
23.0,0.8128353357315063
23.0,0.790239155292511
23.0,0.8106197714805603
23.0,0.7742693424224854
23.0,0.8652520775794983
23.0,0.6862549185752869
23.0,0.9061456918716432
23.0,0.6548445820808411
23.0,0.8443214893341064
23.0,0.7387861609458923
23.0,0.8237823843955994
23.0,0.8413700461387634
23.0,0.862208902835846
23.0,0.5934033393859863
23.0,0.8067254424095154
23.0,0.8761923313140869
23.0,0.7755383253097534
23.0,0.7417134046554565
23.0,0.8953641057014465
23.0,0.8069632649421692
23.0,0.8331183791160583
23.0,0.4329985678195953
23.0,0.8884381055831909
23.0,0.3399907052516937
23.0,0.9103501439094543
23.0,0.6197742819786072
23.0,0.7973426580429077
23.0,0.5638044476509094
23.0,0.8238616585731506
23.0,0.9103761911392212
23.0,0.5109807252883911
23.0,0.7054587602615356
23.0,0.7249070405960083
23.0,0.9113103151321412
23.0,0.8541567325592041
23.0,0.8902876377105713
23.0,0.8301417827606201
23.0,0.7642308473587036
23.0,0.9085177183151244
23.0,0.6037012934684753
23.0,0.7432397603988647
23.0,0.7406198978424072
23.0,0.8810201287269592
23.0,0.922041118144989
23.0,0.3837846517562866
23.0,0.8959362506866455
23.0,0.8921794891357422
23.0,0.8916184902191162
23.0,0.8956725597381592
23.0,0.2687114179134369
23.0,0.9105160236358644
23.0,0.4895436465740204
23.0,0.9006801247596741
23.0,0.860094428062439
23.0,0.9279670715332032
23.0,0.8510937690734863
23.0,0.8277879357337952
23.0,0.8578091263771057
23.0,0.91372948884964
23.0,0.9039719104766846
23.0,0.671504020690918
23.0,0.9417199492454528
23.0,4.1425021746199775e-10
23.0,0.8174140453338623
23.0,0.8588811159133911
23.0,0.7340005040168762
23.0,0.5496190190315247
23.0,0.8504847884178162
23.0,0.9022287130355836
23.0,0.9088954329490662
23.0,0.855828046798706
23.0,0.8230122327804565
23.0,0.887723982334137
23.0,0.7130703926086426
23.0,0.9149419665336608
23.0,0.7344980835914612
23.0,0.5775172114372253
23.0,0.8313435912132263
24.0,0.8959749937057495
24.0,0.8929599523544312
24.0,0.8635773658752441
24.0,0.3209529221057892
24.0,0.6839806437492371
24.0,0.8536944389343262
24.0,0.7041345834732056
24.0,0.8267154693603516
24.0,0.7355031967163086
24.0,0.5617396235466003
24.0,0.9092646241188049
24.0,0.8697342872619629
24.0,0.8243774771690369
24.0,0.8608549237251282
24.0,0.8880909085273743
24.0,0.7863542437553406
24.0,0.9135182499885559
24.0,0.8993266820907593
24.0,0.5921840667724609
24.0,0.864274799823761
24.0,0.7246803641319275
24.0,0.8063644766807556
24.0,0.9300773739814758
24.0,0.8862555623054504
24.0,0.0920608714222908
24.0,0.700337827205658
24.0,0.8571073412895203
24.0,0.8575334548950195
24.0,0.7925511002540588
24.0,0.8004484176635742
24.0,0.7968520522117615
24.0,0.3909907639026642
24.0,0.8336213827133179
24.0,0.5483165979385376
24.0,0.7695488333702087
24.0,0.868190586566925
24.0,0.6809470057487488
24.0,0.8204553723335266
24.0,0.650556743144989
24.0,0.8297126889228821
24.0,0.9096676707267761
24.0,0.6822335124015808
24.0,0.8705527186393738
24.0,0.8296312689781189
24.0,0.5896340012550354
24.0,0.8972083330154419
24.0,0.8084868788719177
24.0,0.5267269611358643
24.0,0.7963549494743347
24.0,0.897679328918457
24.0,0.9162169098854065
24.0,0.6722360849380493
24.0,0.8454935550689697
24.0,0.8376515507698059
24.0,0.8807039856910706
24.0,0.5624667406082153
24.0,0.7827040553092957
24.0,0.35696345567703247
24.0,0.8527663350105286
24.0,0.3909088373184204
24.0,0.9164059162139893
24.0,0.7598812580108643
24.0,0.9193001985549927
24.0,0.8636873960494995
24.0,0.8573991060256958
24.0,0.840692400932312
24.0,0.8223129510879517
24.0,0.7692946195602417
24.0,0.5798850059509277
24.0,0.7363322377204895
24.0,0.9413744807243347
24.0,0.9091953635215759
24.0,0.9031487703323364
24.0,0.8233528137207031
24.0,0.25712457299232483
24.0,0.8440617322921753
24.0,0.9069997668266296
24.0,0.8831312656402588
24.0,0.8166311979293823
24.0,0.8486903309822083
24.0,0.8701013326644897
24.0,0.9037004113197327
24.0,0.768008291721344
24.0,0.7155051827430725
24.0,4.1425021746199775e-10
24.0,0.7469785213470459
24.0,0.7329550981521606
24.0,0.3892003297805786
24.0,0.8737773895263672
24.0,0.6883153915405273
24.0,0.8970960378646851
24.0,0.9198489189147949
24.0,0.7053623795509338
24.0,0.9050396680831909
24.0,0.7919855713844299
24.0,0.6833865642547607
24.0,0.7183731198310852
24.0,0.5836003422737122
24.0,0.9213546514511108
24.0,0.837186336517334
