epoch,iou
0.0,0.7369202971458435
0.0,0.1693840026855468
0.0,0.5031545162200928
0.0,0.0628596842288971
0.0,0.3265155255794525
0.0,0.0178092513233423
0.0,0.3970604538917541
0.0,0.3620979189872741
0.0,0.2500414848327636
0.0,0.556399941444397
0.0,0.5813324451446533
0.0,0.473654180765152
0.0,0.3582668602466583
0.0,0.0927468389272689
0.0,0.3599052429199219
0.0,0.3323947191238403
0.0,0.7355798482894897
0.0,0.1131185591220855
0.0,0.6294261813163757
0.0,0.7557407021522522
0.0,0.1450407207012176
0.0,0.7527971267700195
0.0,0.7567745447158813
0.0,0.5314028859138489
0.0,0.3774865567684173
0.0,0.2852123379707336
0.0,0.5819042921066284
0.0,0.3531275987625122
0.0,0.2319139391183853
0.0,0.3721546828746795
0.0,0.3902705311775207
0.0,0.6032447814941406
0.0,0.4021198451519012
0.0,0.3689701855182647
0.0,0.7011685371398926
0.0,0.6753444075584412
0.0,0.2509676516056061
0.0,0.4666489660739898
0.0,0.5270689725875854
0.0,0.2849290370941162
0.0,0.1405499130487442
0.0,0.4734468162059784
0.0,0.4948873817920685
0.0,0.2156372368335724
0.0,0.7031934857368469
0.0,0.5700302720069885
0.0,0.6855189800262451
0.0,0.2333978563547134
0.0,0.3718935847282409
0.0,0.1560331732034683
0.0,0.3531269431114197
0.0,0.7481726408004761
0.0,0.5399258136749268
0.0,0.3337751626968384
0.0,0.6168622970581055
0.0,0.5669704675674438
0.0,0.4258714914321899
0.0,0.5190197825431824
0.0,0.4750140309333801
0.0,0.7812565565109253
0.0,0.6466788649559021
0.0,0.5959157347679138
0.0,0.3401971161365509
0.0,0.6822872161865234
0.0,0.6817619800567627
0.0,0.5647103786468506
0.0,0.3348639011383056
0.0,0.2266033887863159
0.0,0.2839385569095611
0.0,0.2895587980747223
0.0,0.75995934009552
0.0,0.3911837637424469
0.0,0.7332665920257568
0.0,0.2001964747905731
0.0,0.2715648412704468
0.0,0.1068711802363395
0.0,0.7420867085456848
0.0,0.5912771821022034
0.0,0.7185423374176025
0.0,0.3117467761039734
0.0,0.3576892614364624
0.0,0.3488033413887024
0.0,0.2024515271186828
0.0,0.6884250640869141
0.0,0.6498440504074097
0.0,0.7798426747322083
0.0,0.8046591281890869
0.0,0.3066010475158691
0.0,0.4705406129360199
0.0,0.3595559597015381
0.0,0.247926190495491
0.0,0.289078801870346
0.0,0.551518440246582
0.0,0.4293566644191742
0.0,0.1181383952498436
0.0,0.121218092739582
0.0,0.5209808349609375
0.0,1.9892580638281032e-10
0.0,0.5129870176315308
0.0,0.2998466193675995
1.0,0.5083172917366028
1.0,0.3602950870990753
1.0,0.2600112855434418
1.0,0.7200365662574768
1.0,0.7926559448242188
1.0,0.2943341732025146
1.0,0.5308059453964233
1.0,3.0147723206752625e-10
1.0,0.3525085151195526
1.0,0.4315775036811828
1.0,0.3306036591529846
1.0,0.2859653234481811
1.0,0.2894132435321808
1.0,0.1749922335147857
1.0,0.3283015489578247
1.0,0.4829106330871582
1.0,0.5954150557518005
1.0,0.7463472485542297
1.0,0.767210841178894
1.0,0.4500700235366821
1.0,0.2714570760726928
1.0,0.5065817832946777
1.0,0.407449334859848
1.0,0.5881679058074951
1.0,0.5327212810516357
1.0,0.4557966291904449
1.0,0.3154121935367584
1.0,0.4008712470531463
1.0,0.5017939805984497
1.0,0.7185823321342468
1.0,0.1488863676786422
1.0,0.346805989742279
1.0,0.5610107779502869
1.0,0.8049044609069824
1.0,0.8341864943504333
1.0,0.5337921380996704
1.0,0.3931257426738739
1.0,0.2847213447093963
1.0,0.7947704195976257
1.0,0.3105179369449615
1.0,0.622057318687439
1.0,0.5192169547080994
1.0,0.5632821321487427
1.0,0.6032746434211731
1.0,0.3530435562133789
1.0,0.3260435163974762
1.0,0.5164831280708313
1.0,0.7649781703948975
1.0,0.7727822661399841
1.0,0.2159447371959686
1.0,0.163771852850914
1.0,0.5977544188499451
1.0,0.4011682271957397
1.0,0.7759829759597778
1.0,0.4910021424293518
1.0,0.6574896574020386
1.0,0.4064788818359375
1.0,0.4458889067173004
1.0,0.5097664594650269
1.0,0.4625139236450195
1.0,0.3576090931892395
1.0,0.6420666575431824
1.0,0.3581434786319732
1.0,0.5540980100631714
1.0,0.7413831949234009
1.0,0.1695537269115448
1.0,0.8030610680580139
1.0,0.1006384640932083
1.0,0.3012072145938873
1.0,0.584286630153656
1.0,0.360929399728775
1.0,0.3850689828395843
1.0,0.5026652216911316
1.0,0.5512508749961853
1.0,0.639112651348114
1.0,0.6451130509376526
1.0,0.3744910657405853
1.0,0.1923224180936813
1.0,0.6864687204360962
1.0,0.7766634821891785
1.0,0.4742192924022674
1.0,0.7133800983428955
1.0,0.1324256211519241
1.0,0.3840746283531189
1.0,0.0245047267526388
1.0,0.3088832497596741
1.0,0.5805504322052002
1.0,0.2368359118700027
1.0,0.3972366750240326
1.0,0.4506068527698517
1.0,0.585193932056427
1.0,0.1969666630029678
1.0,0.7526745200157166
1.0,0.400669127702713
1.0,0.7077807188034058
1.0,0.8178028464317322
1.0,0.6432219743728638
1.0,0.123485155403614
1.0,0.5924049615859985
1.0,0.4816331565380096
2.0,0.0286829341202974
2.0,0.8474523425102234
2.0,0.2636058926582336
2.0,0.4263171553611755
2.0,0.249219611287117
2.0,0.3062290251255035
2.0,0.3680447041988373
2.0,0.4212130606174469
2.0,0.2430837750434875
2.0,0.3691230416297912
2.0,0.5479289293289185
2.0,0.6023080348968506
2.0,0.4930182099342346
2.0,0.4366727769374847
2.0,0.771588146686554
2.0,0.1551452726125717
2.0,0.5503751635551453
2.0,0.4103917777538299
2.0,0.4447937607765198
2.0,0.3841480314731598
2.0,0.2049369513988495
2.0,0.7599940896034241
2.0,0.7427515983581543
2.0,0.353695809841156
2.0,0.4595767557621002
2.0,0.7651392221450806
2.0,0.6769688725471497
2.0,0.8100832104682922
2.0,0.726490318775177
2.0,0.547351062297821
2.0,0.7629232406616211
2.0,0.3151441514492035
2.0,0.3234628736972809
2.0,0.4377948343753814
2.0,0.5949627161026001
2.0,0.2999672591686249
2.0,0.4581533968448639
2.0,0.684161901473999
2.0,0.6275158524513245
2.0,0.3021288216114044
2.0,0.4389180243015289
2.0,0.2819242477416992
2.0,0.1590902358293533
2.0,0.633371114730835
2.0,0.3560946881771087
2.0,0.8014500737190247
2.0,0.6733641624450684
2.0,0.6759243011474609
2.0,0.6911231875419617
2.0,0.5578315258026123
2.0,0.4852511882781982
2.0,0.1919875293970108
2.0,0.3475988805294037
2.0,0.4629893600940704
2.0,0.1739145666360855
2.0,4.1425021746199775e-10
2.0,0.8038093447685242
2.0,0.5713524222373962
2.0,0.6101924777030945
2.0,0.6824324131011963
2.0,0.6681464314460754
2.0,0.5208353996276855
2.0,0.5322845578193665
2.0,0.2569825351238251
2.0,0.8035687208175659
2.0,0.2958499491214752
2.0,0.3342907726764679
2.0,0.5996474027633667
2.0,0.4421603381633758
2.0,0.4787140488624573
2.0,0.755176305770874
2.0,0.45845428109169
2.0,0.5701380968093872
2.0,0.3721392154693603
2.0,0.5503436923027039
2.0,0.2726819813251495
2.0,0.5053060054779053
2.0,0.1458493769168853
2.0,0.6284536123275757
2.0,0.3332584500312805
2.0,0.1276859641075134
2.0,0.462358146905899
2.0,0.7658420205116272
2.0,0.6328688859939575
2.0,0.4684091806411743
2.0,0.3546767234802246
2.0,0.5664498209953308
2.0,0.1449666023254394
2.0,0.1858481913805008
2.0,0.8220508694648743
2.0,0.2702227532863617
2.0,0.5594698786735535
2.0,0.5542140007019043
2.0,0.760970413684845
2.0,0.4828367531299591
2.0,0.4504161775112152
2.0,0.405104786157608
2.0,0.7207585573196411
2.0,0.4644913673400879
2.0,0.777260959148407
3.0,0.1768827587366104
3.0,0.8075975775718689
3.0,0.5108788013458252
3.0,0.3290641903877258
3.0,0.1679104417562484
3.0,0.6580103635787964
3.0,0.7511441111564636
3.0,0.4213375449180603
3.0,0.5137779116630554
3.0,0.1607682704925537
3.0,0.3377849757671356
3.0,0.6687226295471191
3.0,0.1515280306339264
3.0,0.725517213344574
3.0,0.1534576267004013
3.0,0.6738554239273071
3.0,0.6628139615058899
3.0,0.4792450368404388
3.0,0.6656796932220459
3.0,0.703007161617279
3.0,0.6364979147911072
3.0,0.6524085998535156
3.0,0.6999400854110718
3.0,0.8561915755271912
3.0,0.6385948061943054
3.0,0.7626242637634277
3.0,0.7980831265449524
3.0,0.6030834317207336
3.0,0.299629658460617
3.0,0.8159990906715393
3.0,0.355023443698883
3.0,0.3761371076107025
3.0,0.5823893547058105
3.0,0.3725749552249908
3.0,0.6004966497421265
3.0,0.6487463712692261
3.0,0.4781382977962494
3.0,0.4528072774410248
3.0,0.667064368724823
3.0,0.1977701187133789
3.0,0.4718688130378723
3.0,0.4472452700138092
3.0,0.5694847106933594
3.0,0.6040311455726624
3.0,0.7926667332649231
3.0,0.5079396963119507
3.0,0.488438069820404
3.0,0.7957122921943665
3.0,0.4800651967525482
3.0,0.6907591819763184
3.0,0.3667112290859222
3.0,0.6023618578910828
3.0,0.0626500025391578
3.0,0.4581173956394195
3.0,0.5558138489723206
3.0,0.8031657934188843
3.0,0.5664126873016357
3.0,0.4006402492523193
3.0,0.6738283634185791
3.0,0.8466313481330872
3.0,0.8236756920814514
3.0,0.516733705997467
3.0,0.4195871949195862
3.0,0.8065090179443359
3.0,0.5532943606376648
3.0,0.7838342785835266
3.0,0.3623378276824951
3.0,0.4397212564945221
3.0,0.3471727967262268
3.0,0.5246424078941345
3.0,0.4186818897724151
3.0,0.2254017740488052
3.0,0.3190507292747497
3.0,0.571518063545227
3.0,4.1425021746199775e-10
3.0,0.8045466542243958
3.0,0.468180775642395
3.0,0.2165607959032058
3.0,0.4206888079643249
3.0,0.2740727066993713
3.0,0.7522658109664917
3.0,0.6572496891021729
3.0,0.5193096399307251
3.0,0.6814516186714172
3.0,0.7650954723358154
3.0,0.489288866519928
3.0,0.6567820906639099
3.0,0.4078739583492279
3.0,0.7680408358573914
3.0,0.3043306171894073
3.0,0.3058758974075317
3.0,0.4206829071044922
3.0,0.3880135416984558
3.0,0.5494071245193481
3.0,0.4311054944992065
3.0,0.7091267704963684
3.0,0.6510772705078125
3.0,0.672583281993866
3.0,0.7854007482528687
3.0,0.3638393878936767
4.0,0.6193445324897766
4.0,0.6490088701248169
4.0,0.6920161247253418
4.0,0.650814950466156
4.0,0.6379685997962952
4.0,0.7551178336143494
4.0,0.4588915407657623
4.0,0.7254430651664734
4.0,0.5740494132041931
4.0,0.4462169706821441
4.0,0.4316283762454986
4.0,0.1968381702899933
4.0,0.1439299136400222
4.0,0.66828852891922
4.0,0.4618707299232483
4.0,0.7258890867233276
4.0,0.3220082521438598
4.0,0.5608577728271484
4.0,0.4246873557567596
4.0,0.3052662909030914
4.0,0.537115752696991
4.0,0.5654662847518921
4.0,0.3533584773540497
4.0,0.446197360754013
4.0,0.3886691033840179
4.0,0.4819442331790924
4.0,0.7681022882461548
4.0,0.5245083570480347
4.0,0.6791712641716003
4.0,0.8243967890739441
4.0,0.8342869281768799
4.0,0.4862339794635772
4.0,0.2746463418006897
4.0,0.5690271258354187
4.0,0.8173245191574097
4.0,0.8351297378540039
4.0,0.3709028959274292
4.0,0.3670514523983001
4.0,0.3362309336662292
4.0,4.1425021746199775e-10
4.0,0.6425600647926331
4.0,0.7874113917350769
4.0,0.4786438643932342
4.0,0.6170144081115723
4.0,0.5601586103439331
4.0,0.7013464570045471
4.0,0.7049424052238464
4.0,0.2097269892692566
4.0,0.8105867505073547
4.0,0.8475998044013977
4.0,0.5741642713546753
4.0,0.5377626419067383
4.0,0.3757743835449219
4.0,0.752710223197937
4.0,0.7277466654777527
4.0,0.5662750601768494
4.0,0.5463449358940125
4.0,0.1489864140748977
4.0,0.8811179995536804
4.0,0.4495203197002411
4.0,0.1095243915915489
4.0,0.7267382740974426
4.0,0.5110933780670166
4.0,0.6342154741287231
4.0,0.7098494172096252
4.0,0.6700818538665771
4.0,0.3170286118984222
4.0,0.7736958861351013
4.0,0.6221566796302795
4.0,0.4321745038032532
4.0,0.8092626929283142
4.0,0.600642204284668
4.0,0.6757271885871887
4.0,0.750115692615509
4.0,0.7115052938461304
4.0,0.809761643409729
4.0,0.5720410943031311
4.0,0.2031455636024475
4.0,0.1617627888917923
4.0,0.4559184610843658
4.0,0.3980928361415863
4.0,0.5629592537879944
4.0,0.814087450504303
4.0,0.7951706051826477
4.0,0.7317105531692505
4.0,0.5253099799156189
4.0,0.6435537934303284
4.0,0.4617678225040436
4.0,0.7808842062950134
4.0,0.3798228204250335
4.0,0.6329652070999146
4.0,0.5784037709236145
4.0,0.693696141242981
4.0,0.5753566026687622
4.0,0.3570945858955383
4.0,0.3172569572925567
4.0,0.7119408249855042
4.0,0.7712203860282898
4.0,0.8151651620864868
4.0,0.6508126258850098
5.0,0.7821354269981384
5.0,0.4545165002346039
5.0,0.5950828790664673
5.0,0.5390781760215759
5.0,0.6313002109527588
5.0,0.7601305246353149
5.0,0.7587918043136597
5.0,0.4105042517185211
5.0,0.7917596697807312
5.0,0.5750870704650879
5.0,0.0858294516801834
5.0,0.7158749103546143
5.0,0.7797290086746216
5.0,0.729110836982727
5.0,0.3976972699165344
5.0,0.3150508999824524
5.0,0.5379074811935425
5.0,0.8132107853889465
5.0,0.6511020064353943
5.0,0.5610487461090088
5.0,0.8715762495994568
5.0,0.6350111365318298
5.0,0.1691409200429916
5.0,0.6325101852416992
5.0,0.7388551831245422
5.0,0.743810772895813
5.0,0.4199185669422149
5.0,0.5541463494300842
5.0,0.7807020545005798
5.0,0.7227421402931213
5.0,0.8458142280578613
5.0,0.6419441103935242
5.0,0.6748437881469727
5.0,0.7753115296363831
5.0,0.8498674035072327
5.0,0.6978192329406738
5.0,0.4982002377510071
5.0,0.1495456397533416
5.0,0.3526233434677124
5.0,0.6702084541320801
5.0,0.3949891924858093
5.0,0.6831175684928894
5.0,0.3975851535797119
5.0,0.4023793935775757
5.0,0.7784253358840942
5.0,0.2069407552480697
5.0,0.8040811419487
5.0,0.7504715919494629
5.0,0.6235369443893433
5.0,0.6686996817588806
5.0,0.6450009942054749
5.0,0.576337993144989
5.0,0.1608948111534118
5.0,0.8687516450881958
5.0,0.8530691862106323
5.0,0.7803831696510315
5.0,0.5855175256729126
5.0,0.3854550123214721
5.0,0.6003347635269165
5.0,0.6428323984146118
5.0,0.745114803314209
5.0,0.6717963218688965
5.0,0.6404430866241455
5.0,0.5696778893470764
5.0,0.5993216037750244
5.0,0.6061012148857117
5.0,0.786469042301178
5.0,0.8214470148086548
5.0,0.2133270055055618
5.0,0.8095782399177551
5.0,0.5412791967391968
5.0,0.4381705522537231
5.0,0.8134577870368958
5.0,0.8915647864341736
5.0,0.7250841856002808
5.0,0.6667159795761108
5.0,0.7487247586250305
5.0,0.6554787158966064
5.0,0.7571189403533936
5.0,0.6012001037597656
5.0,0.4858859777450561
5.0,0.4906482100486755
5.0,0.5473107695579529
5.0,0.6996619701385498
5.0,0.766309916973114
5.0,0.3460114598274231
5.0,0.5226485729217529
5.0,0.760814368724823
5.0,0.6577078700065613
5.0,0.67960125207901
5.0,0.8363709449768066
5.0,0.5037500262260437
5.0,0.2985833585262298
5.0,0.7277748584747314
5.0,0.4621826112270355
5.0,0.5805156826972961
5.0,0.7470510601997375
5.0,4.1425021746199775e-10
5.0,0.4721920192241668
5.0,0.2258279621601104
6.0,0.7576417922973633
6.0,0.7042507529258728
6.0,0.7457780241966248
6.0,0.7601244449615479
6.0,0.8234246969223022
6.0,0.5008844137191772
6.0,0.6572869420051575
6.0,0.5524698495864868
6.0,0.6568596959114075
6.0,0.822272539138794
6.0,0.3802408277988434
6.0,0.7203357219696045
6.0,0.5156334638595581
6.0,0.8281930088996887
6.0,0.6101238131523132
6.0,0.5411860942840576
6.0,0.8622395992279053
6.0,0.7408397793769836
6.0,0.5429315567016602
6.0,0.2873908579349518
6.0,0.682566225528717
6.0,0.8038550615310669
6.0,0.7941730618476868
6.0,0.2382857650518417
6.0,0.6631941795349121
6.0,0.6776468753814697
6.0,0.8174265623092651
6.0,0.6209411025047302
6.0,0.8099962472915649
6.0,0.7632730007171631
6.0,0.7095524668693542
6.0,0.4591619968414306
6.0,0.2709922194480896
6.0,0.2602490186691284
6.0,0.6211791634559631
6.0,0.6034072637557983
6.0,0.7831010818481445
6.0,0.4402994215488434
6.0,0.7084395885467529
6.0,0.750490665435791
6.0,0.4680058062076568
6.0,0.6151977181434631
6.0,0.5819964408874512
6.0,0.3167239427566528
6.0,0.7558873891830444
6.0,0.819553554058075
6.0,0.8366751074790955
6.0,0.629880964756012
6.0,0.8433458209037781
6.0,0.6318733096122742
6.0,0.710155189037323
6.0,0.8808321356773376
6.0,0.7831254601478577
6.0,0.8316593170166016
6.0,0.5100303888320923
6.0,0.7782314419746399
6.0,0.4321461319923401
6.0,0.9167829155921936
6.0,0.6465931534767151
6.0,0.7108927965164185
6.0,0.7962756156921387
6.0,0.6439892649650574
6.0,0.8509418368339539
6.0,0.8429889678955078
6.0,0.6839093565940857
6.0,0.7857251167297363
6.0,0.1806140691041946
6.0,0.6145890951156616
6.0,0.7137066125869751
6.0,0.786602795124054
6.0,0.7931553721427917
6.0,0.899208664894104
6.0,4.1425021746199775e-10
6.0,0.7852705121040344
6.0,0.8666418194770813
6.0,0.6355466842651367
6.0,0.6324359178543091
6.0,0.4465756118297577
6.0,0.69969642162323
6.0,0.591732919216156
6.0,0.6705508232116699
6.0,0.6014244556427002
6.0,0.5714982151985168
6.0,0.717507004737854
6.0,0.7377762794494629
6.0,0.6663253903388977
6.0,0.4406485259532928
6.0,0.8016281723976135
6.0,0.5318706035614014
6.0,0.5315208435058594
6.0,0.7350223660469055
6.0,0.7733954787254333
6.0,0.8195180296897888
6.0,0.1670381426811218
6.0,0.1044570133090019
6.0,0.6583476066589355
6.0,0.8111158609390259
6.0,0.5897312760353088
6.0,0.1696864813566208
6.0,0.4977868795394897
7.0,0.8741719722747803
7.0,0.8353537321090698
7.0,0.837421178817749
7.0,0.7403052449226379
7.0,0.5093708038330078
7.0,0.5864365696907043
7.0,0.7947306632995605
7.0,0.3214936256408691
7.0,0.6927012205123901
7.0,0.686229944229126
7.0,0.7675098776817322
7.0,0.7799291610717773
7.0,0.841984748840332
7.0,0.6880537271499634
7.0,0.8034688234329224
7.0,0.7777746915817261
7.0,0.8330751061439514
7.0,0.6963074207305908
7.0,0.8149246573448181
7.0,0.659612238407135
7.0,0.3609329462051391
7.0,0.7839886546134949
7.0,0.7889102697372437
7.0,0.7485105395317078
7.0,0.6888246536254883
7.0,0.5152392387390137
7.0,0.5520346164703369
7.0,0.914800465106964
7.0,0.2406708747148513
7.0,0.8466372489929199
7.0,0.8601939082145691
7.0,0.4720458686351776
7.0,0.6427717208862305
7.0,0.7563992142677307
7.0,0.4553932249546051
7.0,0.7018594145774841
7.0,0.6137871146202087
7.0,0.4755262434482574
7.0,0.6717109084129333
7.0,0.7969964146614075
7.0,0.6361782550811768
7.0,0.8604509234428406
7.0,0.7853788137435913
7.0,0.8043386340141296
7.0,0.7517073750495911
7.0,0.8450912237167358
7.0,0.5710568428039551
7.0,0.6254456639289856
7.0,0.7719720005989075
7.0,0.826549232006073
7.0,0.7685569524765015
7.0,0.6801031827926636
7.0,0.7047929167747498
7.0,0.859163761138916
7.0,0.8444920778274536
7.0,0.0669404193758964
7.0,0.5887240767478943
7.0,0.8155062794685364
7.0,0.7912230491638184
7.0,0.816448450088501
7.0,0.850750207901001
7.0,0.8132776618003845
7.0,0.755926787853241
7.0,0.7407497763633728
7.0,0.8309144973754883
7.0,0.6131184101104736
7.0,0.2537652552127838
7.0,0.6574228405952454
7.0,0.7212591171264648
7.0,0.4762133359909057
7.0,0.6289668083190918
7.0,0.922427535057068
7.0,0.7958845496177673
7.0,0.6892242431640625
7.0,0.6090022921562195
7.0,0.3673697710037231
7.0,0.6314359903335571
7.0,0.8466367125511169
7.0,0.7206998467445374
7.0,0.7861995100975037
7.0,0.8106561899185181
7.0,0.593753457069397
7.0,0.8556519746780396
7.0,0.7640822529792786
7.0,0.5648031830787659
7.0,0.720979630947113
7.0,0.6815555095672607
7.0,0.7556083798408508
7.0,0.8296221494674683
7.0,0.7955418229103088
7.0,4.1425021746199775e-10
7.0,0.2048581838607788
7.0,0.7836214303970337
7.0,0.8201049566268921
7.0,0.1404713243246078
7.0,0.6282891035079956
7.0,0.624312698841095
7.0,0.6475180983543396
7.0,0.2066307365894317
7.0,0.7791645526885986
8.0,0.8355376124382019
8.0,0.7736966013908386
8.0,0.4807064533233642
8.0,0.8252798318862915
8.0,0.8098851442337036
8.0,0.7942908406257629
8.0,0.6961838603019714
8.0,0.1081854626536369
8.0,0.8372535109519958
8.0,0.7828159928321838
8.0,0.7336022257804871
8.0,0.9035469889640808
8.0,0.7620980143547058
8.0,0.8648492097854614
8.0,0.7470813989639282
8.0,0.7862924933433533
8.0,0.7064576148986816
8.0,0.6948785781860352
8.0,0.8277072310447693
8.0,0.7856637239456177
8.0,0.7393127083778381
8.0,0.8788388967514038
8.0,0.5368729829788208
8.0,0.83577561378479
8.0,0.5924329161643982
8.0,0.8445150852203369
8.0,0.6690062880516052
8.0,0.8068853616714478
8.0,0.6141833066940308
8.0,0.6019591689109802
8.0,0.2463221102952957
8.0,0.6460419297218323
8.0,0.7851797342300415
8.0,4.1425021746199775e-10
8.0,0.6663310527801514
8.0,0.8654686212539673
8.0,0.4904255270957947
8.0,0.8296195864677429
8.0,0.7779707312583923
8.0,0.8921715021133423
8.0,0.7785791754722595
8.0,0.920593798160553
8.0,0.8534560203552246
8.0,0.8964860439300537
8.0,0.4719496071338653
8.0,0.8370638489723206
8.0,0.3692867457866668
8.0,0.6499654650688171
8.0,0.9025388956069946
8.0,0.6613589525222778
8.0,0.8763052821159363
8.0,0.5491610765457153
8.0,0.6406666040420532
8.0,0.7759891748428345
8.0,0.8656607270240784
8.0,0.6218395829200745
8.0,0.7888072729110718
8.0,0.8562960624694824
8.0,0.8066519498825073
8.0,0.7384036779403687
8.0,0.7338746190071106
8.0,0.8759139776229858
8.0,0.7146953344345093
8.0,0.9093322157859802
8.0,0.2649857401847839
8.0,0.6921368837356567
8.0,0.739651620388031
8.0,0.8289905190467834
8.0,0.7138293981552124
8.0,0.1914516985416412
8.0,0.8246645927429199
8.0,0.862688422203064
8.0,0.899139940738678
8.0,0.7319068908691406
8.0,0.8713521361351013
8.0,0.6706454753875732
8.0,0.6973611116409302
8.0,0.321726381778717
8.0,0.6686946749687195
8.0,0.7991428971290588
8.0,0.7254549860954285
8.0,0.2807679772377014
8.0,0.8542810678482056
8.0,0.7926546931266785
8.0,0.5099748969078064
8.0,0.8150310516357422
8.0,0.7933975458145142
8.0,0.8553924560546875
8.0,0.9251325726509094
8.0,0.7426484227180481
8.0,0.4833382368087768
8.0,0.8582591414451599
8.0,0.6424562931060791
8.0,0.3744736611843109
8.0,0.912903904914856
8.0,0.2044376581907272
8.0,0.6826353073120117
8.0,0.6758275032043457
8.0,0.8107993006706238
8.0,0.184877872467041
9.0,0.6351290941238403
9.0,0.6940701007843018
9.0,0.7590077519416809
9.0,0.6831286549568176
9.0,0.3587258458137512
9.0,0.849207878112793
9.0,4.1425021746199775e-10
9.0,0.777969479560852
9.0,0.3113253116607666
9.0,0.5804877877235413
9.0,0.8047139048576355
9.0,0.5879853367805481
9.0,0.5976492762565613
9.0,0.9066225290298462
9.0,0.8771999478340149
9.0,0.8915570974349976
9.0,0.8023699522018433
9.0,0.9099732041358948
9.0,0.9185926914215088
9.0,0.6108978986740112
9.0,0.6779083609580994
9.0,0.8297268748283386
9.0,0.7717421054840088
9.0,0.7508712410926819
9.0,0.8730174899101257
9.0,0.8374269008636475
9.0,0.6563029885292053
9.0,0.8904829025268555
9.0,0.8817518949508667
9.0,0.4625278413295746
9.0,0.8134565949440002
9.0,0.8135174512863159
9.0,0.8763426542282104
9.0,0.8610164523124695
9.0,0.9017168879508972
9.0,0.7681023478507996
9.0,0.8355237245559692
9.0,0.7382456660270691
9.0,0.6842243671417236
9.0,7.747733704599469e-11
9.0,0.7102440595626831
9.0,0.7707902789115906
9.0,0.759460985660553
9.0,0.7124548554420471
9.0,0.761630117893219
9.0,0.27859121561050415
9.0,0.8920562863349915
9.0,0.7666329145431519
9.0,0.8607755899429321
9.0,0.6144651174545288
9.0,0.6673567891120911
9.0,0.8605231046676636
9.0,0.67646723985672
9.0,0.4849950969219208
9.0,0.8486536145210266
9.0,0.8139102458953857
9.0,0.502671480178833
9.0,0.8364637494087219
9.0,0.8168778419494629
9.0,0.819889485836029
9.0,0.6683958768844604
9.0,0.8755089044570923
9.0,0.8516206741333008
9.0,0.7777153253555298
9.0,0.31251463294029236
9.0,0.6997987031936646
9.0,0.8784322142601013
9.0,0.6279589533805847
9.0,0.8699110746383667
9.0,0.5331485271453857
9.0,0.814822793006897
9.0,0.7584197521209717
9.0,0.8504610657691956
9.0,0.8487483263015747
9.0,0.23637570440769196
9.0,0.9098228812217712
9.0,0.7396634817123413
9.0,0.8367199301719666
9.0,0.885518491268158
9.0,0.8978387117385864
9.0,0.7148770093917847
9.0,0.8234028220176697
9.0,0.46384382247924805
9.0,0.7929539084434509
9.0,0.6219876408576965
9.0,0.8397663831710815
9.0,0.36897024512290955
9.0,0.7716668248176575
9.0,0.8056498169898987
9.0,0.7610259652137756
9.0,0.6786852478981018
9.0,0.6707096695899963
9.0,0.7466188073158264
9.0,0.5951752066612244
9.0,0.6764915585517883
9.0,0.7658576965332031
9.0,0.6876144409179688
9.0,0.666301429271698
9.0,0.7911957502365112
9.0,0.8313193917274475
