epoch,iou
0.0,0.7287241816520691
0.0,0.642392098903656
0.0,0.2907388806343078
0.0,0.563215970993042
0.0,0.1085256561636924
0.0,4.419694124568885e-11
0.0,0.8021211624145508
0.0,0.5609436631202698
0.0,0.3800417184829712
0.0,0.51326984167099
0.0,0.1937182396650314
0.0,0.1359959840774536
0.0,0.1621110588312149
0.0,0.2174854427576065
0.0,0.1584030240774154
0.0,0.7004411816596985
0.0,0.4195928871631622
0.0,0.7861546874046326
0.0,0.33872851729393
0.0,0.1479915976524353
0.0,0.8118427991867065
0.0,0.635469377040863
0.0,0.303826093673706
0.0,0.0567561015486717
0.0,0.4571797549724579
0.0,0.2913683652877807
0.0,0.5258585214614868
0.0,0.4237731397151947
0.0,0.4038830697536468
0.0,0.1838273853063583
0.0,0.0867634415626525
0.0,0.1651263833045959
0.0,0.2431050837039947
0.0,0.167798563838005
0.0,0.1252331882715225
0.0,0.5633647441864014
0.0,0.3068110644817352
0.0,0.0587981939315795
0.0,0.4626465439796448
0.0,0.1044824421405792
0.0,0.2221373915672302
0.0,0.3106445670127868
0.0,0.8011457324028015
0.0,0.6631275415420532
0.0,0.6940796375274658
0.0,0.2757247984409332
0.0,0.4911080002784729
0.0,0.3829867243766784
0.0,0.3698244392871856
0.0,0.3835469186306
0.0,0.7209808230400085
0.0,0.6512563228607178
0.0,0.1035623550415039
0.0,0.246413767337799
0.0,0.7323553562164307
0.0,0.187926560640335
0.0,0.251081109046936
0.0,0.4661900699138641
0.0,0.1820063889026641
0.0,0.0780451744794845
0.0,0.4098353385925293
0.0,0.2307520806789398
0.0,0.3752687275409698
0.0,0.7422732710838318
0.0,0.65450519323349
0.0,0.3408973515033722
0.0,0.2060953080654144
0.0,0.5973958969116211
0.0,0.6866322755813599
0.0,0.2383508384227752
0.0,0.6182976365089417
0.0,0.4782010316848755
0.0,0.6369669437408447
0.0,0.2088573276996612
0.0,0.4269982874393463
0.0,0.6876413226127625
0.0,0.2451192885637283
0.0,0.4183112978935241
0.0,0.3863590955734253
0.0,0.3754607737064361
0.0,0.109368696808815
0.0,0.5609541535377502
0.0,0.4339087009429931
0.0,0.0097594307735562
0.0,0.1867715418338775
0.0,0.205308049917221
0.0,0.5407640337944031
0.0,0.1507655680179596
0.0,0.4057321548461914
0.0,0.1285951286554336
0.0,0.2904097735881805
0.0,0.2244154959917068
0.0,0.1860582381486892
0.0,0.3111408352851867
0.0,0.2177316844463348
0.0,0.5134932398796082
0.0,0.4249587953090668
0.0,0.297526866197586
0.0,0.2313720136880874
0.0,0.4050117433071136
0.0,0.4283677041530609
0.0,0.2581619918346405
0.0,0.1928230226039886
0.0,0.4200314283370971
0.0,0.2650082409381866
0.0,0.7620025873184204
0.0,0.3049562573432922
0.0,0.6420373320579529
0.0,0.0095945447683334
0.0,0.1410625576972961
0.0,0.6068145036697388
0.0,0.1090721413493156
0.0,0.2405512481927871
0.0,0.2165515124797821
0.0,0.0958615466952323
0.0,0.154670313000679
0.0,0.319559097290039
0.0,0.413259893655777
0.0,0.2472935169935226
0.0,0.4041900634765625
0.0,0.3998931348323822
0.0,0.2196250706911087
0.0,0.2190646678209304
0.0,0.7118313908576965
0.0,0.2697963118553161
0.0,0.3231574892997741
0.0,0.3802502751350403
0.0,0.4376445412635803
0.0,0.5201258063316345
0.0,0.2267006933689117
0.0,0.1452070921659469
0.0,0.5812256336212158
0.0,0.1397691071033477
0.0,0.8015604615211487
0.0,0.0733263120055198
0.0,0.3019873201847076
0.0,0.2002037465572357
0.0,0.6727458238601685
0.0,0.1204244568943977
0.0,0.5227771401405334
0.0,0.4185483157634735
0.0,0.1773516088724136
0.0,0.0006968058878555
0.0,0.2933197617530823
0.0,0.1209598183631897
0.0,0.1837533563375473
0.0,0.3853585720062256
0.0,0.6855646967887878
0.0,0.6815288066864014
0.0,0.2404133081436157
0.0,0.2734626233577728
0.0,0.3714052736759186
0.0,0.0946942493319511
0.0,0.6780164241790771
0.0,0.8021982312202454
0.0,0.1408191323280334
0.0,0.30287766456604
0.0,0.1733337789773941
0.0,0.0389991402626037
0.0,0.2569283246994018
0.0,0.4317821562290191
0.0,0.5468936562538147
0.0,0.4377906322479248
0.0,0.1827068626880645
0.0,0.1630374640226364
0.0,0.3305091261863708
0.0,0.4641468226909637
0.0,0.162716269493103
0.0,0.2371929883956909
0.0,0.3916828632354736
0.0,0.3953139781951904
0.0,0.5449398159980774
0.0,0.3770541548728943
0.0,0.1601287573575973
0.0,0.7770849466323853
0.0,0.5351199507713318
0.0,0.4280442893505096
0.0,0.1027542129158973
0.0,0.2801201939582824
0.0,0.3772759139537811
0.0,0.1955218315124511
0.0,0.1643387526273727
0.0,0.3371326923370361
0.0,0.1450225859880447
0.0,0.0857211425900459
0.0,0.3774713575839996
0.0,0.539434552192688
0.0,0.1540664583444595
0.0,0.6670529246330261
0.0,0.8167377710342407
0.0,0.2343565821647644
0.0,0.1902585625648498
0.0,0.1018431186676025
0.0,0.4123654365539551
0.0,0.5805324912071228
0.0,0.0602191463112831
0.0,0.4959212839603424
0.0,0.4948441982269287
0.0,0.5563377737998962
0.0,0.240326851606369
1.0,0.1517657935619354
1.0,0.3785249590873718
1.0,0.7012365460395813
1.0,0.7106946706771851
1.0,0.2276891022920608
1.0,0.2970598638057709
1.0,0.2853806316852569
1.0,0.7032580971717834
1.0,0.5177173614501953
1.0,0.4569457769393921
1.0,0.7500457167625427
1.0,0.1172891929745674
1.0,0.6470763683319092
1.0,0.1332474499940872
1.0,0.7344698905944824
1.0,0.318629115819931
1.0,0.3559463620185852
1.0,0.587583601474762
1.0,0.4488996863365173
1.0,0.4104648530483246
1.0,0.2774367928504944
1.0,0.3793610036373138
1.0,0.690055787563324
1.0,0.6808149814605713
1.0,0.4996517300605774
1.0,0.8359746932983398
1.0,0.2055367976427078
1.0,0.6134605407714844
1.0,0.375995010137558
1.0,0.5338210463523865
1.0,0.6274453401565552
1.0,0.3883634209632873
1.0,0.7723762392997742
1.0,0.8160885572433472
1.0,0.4675102531909942
1.0,0.3911891877651214
1.0,0.3938734233379364
1.0,0.5671125054359436
1.0,0.5071368217468262
1.0,0.4303368926048279
1.0,0.4146040678024292
1.0,0.553070604801178
1.0,0.2790764272212982
1.0,0.6260762810707092
1.0,0.3947388529777527
1.0,0.6376542448997498
1.0,0.7679601311683655
1.0,0.4433411657810211
1.0,0.4644251465797424
1.0,1.6398819802088127e-10
1.0,0.7412158846855164
1.0,0.2971053719520569
1.0,0.3884959518909454
1.0,0.5168508291244507
1.0,0.3339191079139709
1.0,0.3116811513900757
1.0,0.7766503095626831
1.0,0.5058572292327881
1.0,0.6984587907791138
1.0,0.2035769522190094
1.0,0.3796389400959015
1.0,0.566696047782898
1.0,0.3506125807762146
1.0,0.5503202080726624
1.0,0.3018638789653778
1.0,0.4763974547386169
1.0,0.5892034769058228
1.0,0.7961958646774292
1.0,0.5058740377426147
1.0,0.6881222724914551
1.0,0.0230217147618532
1.0,0.4169782400131225
1.0,0.5310832262039185
1.0,0.7402324080467224
1.0,0.4000424444675445
1.0,0.4628821015357971
1.0,0.2075885087251663
1.0,0.262444794178009
1.0,0.1391108483076095
1.0,0.5644862055778503
1.0,0.4824669361114502
1.0,0.2989469170570373
1.0,0.3208644092082977
1.0,0.2853944301605224
1.0,0.7585646510124207
1.0,0.2221364825963974
1.0,0.3202084004878998
1.0,0.532558798789978
1.0,0.3729080557823181
1.0,0.1689289361238479
1.0,0.163507655262947
1.0,0.8178774118423462
1.0,0.536063015460968
1.0,0.2708931267261505
1.0,0.2903674244880676
1.0,0.3753013014793396
1.0,0.2149835228919983
1.0,0.5087150931358337
1.0,0.3932026326656341
1.0,0.7395879030227661
2.0,0.1447484940290451
2.0,0.4416218996047973
2.0,0.1573742926120758
2.0,0.4636392295360565
2.0,0.8121131062507629
2.0,0.5618274807929993
2.0,0.4613210558891296
2.0,0.7924267649650574
2.0,0.7853485941886902
2.0,0.3933055102825165
2.0,0.3649903237819671
2.0,0.7626646757125854
2.0,0.7304338216781616
2.0,0.6942920088768005
2.0,0.6821475028991699
2.0,0.7842232584953308
2.0,0.5427879095077515
2.0,0.2786234319210052
2.0,0.6407594680786133
2.0,0.6598796844482422
2.0,0.749658465385437
2.0,0.1304579973220825
2.0,0.7008035778999329
2.0,0.5942078828811646
2.0,0.2842951416969299
2.0,0.3354694545269012
2.0,0.3950533270835876
2.0,0.6317332983016968
2.0,0.3489387035369873
2.0,0.5209928750991821
2.0,0.1514724344015121
2.0,0.476717859506607
2.0,0.3738532066345215
2.0,0.7685704231262207
2.0,0.4342909753322601
2.0,0.271864116191864
2.0,0.4541172385215759
2.0,0.5625602602958679
2.0,0.5971558690071106
2.0,0.2768202424049377
2.0,0.1890062689781189
2.0,0.3312544822692871
2.0,0.5535279512405396
2.0,0.6085358262062073
2.0,0.5384309887886047
2.0,0.6408424973487854
2.0,0.6541363596916199
2.0,0.4884857833385467
2.0,0.4932944774627685
2.0,0.5288792252540588
2.0,0.4941113889217376
2.0,0.2437086105346679
2.0,0.7335636615753174
2.0,0.2875076830387115
2.0,0.4364889562129974
2.0,0.3432510793209076
2.0,0.3343851864337921
2.0,0.7062130570411682
2.0,0.2701051235198974
2.0,0.4875962138175964
2.0,0.0996079966425895
2.0,0.8545702695846558
2.0,0.2198894619941711
2.0,0.8590503931045532
2.0,0.3843588531017303
2.0,0.4490275382995605
2.0,0.555076539516449
2.0,0.1336661875247955
2.0,0.6239917278289795
2.0,0.4914228916168213
2.0,0.7327537536621094
2.0,0.7287415266036987
2.0,0.5588381290435791
2.0,0.1387810260057449
2.0,0.5925807356834412
2.0,0.5346144437789917
2.0,0.3074395060539245
2.0,0.3578085005283355
2.0,0.0260468628257513
2.0,0.460417091846466
2.0,0.7771850824356079
2.0,0.5953021049499512
2.0,0.4889167547225952
2.0,0.4213756918907165
2.0,0.4199972748756408
2.0,0.643776535987854
2.0,0.2923015654087066
2.0,0.7416658997535706
2.0,0.2957924306392669
2.0,3.974562901021272e-10
2.0,0.5492997765541077
2.0,0.432440847158432
2.0,0.2824502289295196
2.0,0.7392895221710205
2.0,0.5494636297225952
2.0,0.6271346807479858
2.0,0.6816951632499695
2.0,0.3255777359008789
2.0,0.3133701980113983
2.0,0.3559382259845733
3.0,0.7179673314094543
3.0,0.4380779564380646
3.0,0.7041924595832825
3.0,0.335354208946228
3.0,0.3233141899108886
3.0,0.7199529409408569
3.0,0.6031087040901184
3.0,0.6424987316131592
3.0,0.7981136441230774
3.0,0.3305384218692779
3.0,0.7474319934844971
3.0,0.4753019511699676
3.0,0.6467361450195312
3.0,0.1353254467248916
3.0,0.8183210492134094
3.0,0.556524395942688
3.0,0.5340093970298767
3.0,0.2947558760643005
3.0,0.7271893620491028
3.0,0.6305607557296753
3.0,0.3848779797554016
3.0,0.679139256477356
3.0,0.6184059381484985
3.0,0.1658011078834533
3.0,0.5870563983917236
3.0,0.5843243598937988
3.0,0.7884076237678528
3.0,0.3383982181549072
3.0,4.1425021746199775e-10
3.0,0.6842354536056519
3.0,0.459564596414566
3.0,0.248503103852272
3.0,0.5142673254013062
3.0,0.4683753252029419
3.0,0.5866010785102844
3.0,0.7874346971511841
3.0,0.8553863167762756
3.0,0.7107412219047546
3.0,0.7448225617408752
3.0,0.288193792104721
3.0,0.7185391187667847
3.0,0.4247477948665619
3.0,0.5931758284568787
3.0,0.6873478889465332
3.0,0.6374242901802063
3.0,0.7001713514328003
3.0,0.7601301670074463
3.0,0.3932373225688934
3.0,0.7195815443992615
3.0,0.2026406973600387
3.0,0.7915540933609009
3.0,0.6328604221343994
3.0,0.5619561672210693
3.0,0.8087144494056702
3.0,0.3425471782684326
3.0,0.4733630716800689
3.0,0.4122564196586609
3.0,0.4772627651691437
3.0,0.5670672059059143
3.0,0.6981422305107117
3.0,0.569622278213501
3.0,0.5892414450645447
3.0,0.7868327498435974
3.0,0.3974097669124603
3.0,0.1969872117042541
3.0,0.7529400587081909
3.0,0.3640888333320617
3.0,0.921501874923706
3.0,0.4782480895519256
3.0,0.6785340905189514
3.0,0.4370020925998688
3.0,0.6583473086357117
3.0,0.6443349123001099
3.0,0.1969368904829025
3.0,0.6024563908576965
3.0,0.4209542870521545
3.0,0.4713041186332702
3.0,0.7876359820365906
3.0,0.3407382667064667
3.0,0.3876963257789612
3.0,0.7445233464241028
3.0,0.1457675248384475
3.0,0.3837538957595825
3.0,0.8039852380752563
3.0,0.7856056690216064
3.0,0.6709614396095276
3.0,0.5415604114532471
3.0,0.7132257223129272
3.0,0.4026129245758056
3.0,0.5763210654258728
3.0,0.66402268409729
3.0,0.7197943329811096
3.0,0.1554271131753921
3.0,0.5778412222862244
3.0,0.8971962332725525
3.0,0.5554119944572449
3.0,0.7947635650634766
3.0,0.5314722061157227
3.0,0.0601270832121372
3.0,0.5194455981254578
4.0,0.6499229073524475
4.0,0.1696852147579193
4.0,0.4790206253528595
4.0,0.7317460179328918
4.0,0.6940831542015076
4.0,0.7850960493087769
4.0,0.4325713515281677
4.0,0.8273448944091797
4.0,0.3939731419086456
4.0,0.7883316874504089
4.0,0.6555901765823364
4.0,0.7329851984977722
4.0,0.7893313765525818
4.0,0.6665619015693665
4.0,0.461449921131134
4.0,4.1425021746199775e-10
4.0,0.6842797994613647
4.0,0.5376970767974854
4.0,0.6259856224060059
4.0,0.6756371259689331
4.0,0.6915296316146851
4.0,0.663889467716217
4.0,0.3012188374996185
4.0,0.7349112629890442
4.0,0.65736323595047
4.0,0.4409111440181732
4.0,0.9134559631347656
4.0,0.6992329359054565
4.0,0.6432242393493652
4.0,0.6168889403343201
4.0,0.5899226665496826
4.0,0.3474647402763366
4.0,0.7032217383384705
4.0,0.7273166179656982
4.0,0.8738393783569336
4.0,0.733521044254303
4.0,0.2654210925102234
4.0,0.7654134631156921
4.0,0.8506288528442383
4.0,0.6524752974510193
4.0,0.5470793843269348
4.0,0.7347514629364014
4.0,0.633941113948822
4.0,0.1425832062959671
4.0,0.7815089821815491
4.0,0.8177288770675659
4.0,0.7406148314476013
4.0,0.5131579041481018
4.0,0.5014500617980957
4.0,0.7480687499046326
4.0,0.2120418101549148
4.0,0.6015537977218628
4.0,0.1319961547851562
4.0,0.5602967739105225
4.0,0.5171734690666199
4.0,0.5280696749687195
4.0,0.8675856590270996
4.0,0.739983320236206
4.0,0.6770887970924377
4.0,0.7924070954322815
4.0,0.8869588971138
4.0,0.7774554491043091
4.0,0.4694733321666717
4.0,0.4365542829036712
4.0,0.8001949787139893
4.0,0.0971384570002555
4.0,0.4037838280200958
4.0,0.8067792057991028
4.0,0.533970296382904
4.0,0.23381108045578
4.0,0.7395549416542053
4.0,0.1829080581665039
4.0,0.6418094038963318
4.0,0.486426442861557
4.0,0.8658715486526489
4.0,0.556418776512146
4.0,0.4689871072769165
4.0,0.4278476238250732
4.0,0.7791192531585693
4.0,0.6123359203338623
4.0,0.6370297074317932
4.0,0.3124142289161682
4.0,0.4317074418067932
4.0,0.8277931809425354
4.0,0.6470344662666321
4.0,0.7419899106025696
4.0,0.2839077711105346
4.0,0.643282413482666
4.0,0.7980579733848572
4.0,0.5223541259765625
4.0,0.4363977611064911
4.0,0.7229418754577637
4.0,0.757429301738739
4.0,0.2277175784111023
4.0,0.7434924244880676
4.0,0.7078151702880859
4.0,0.2417248636484146
4.0,0.8028229475021362
4.0,0.4548035264015198
4.0,0.7668981552124023
5.0,0.584934651851654
5.0,0.6794947981834412
5.0,0.7893640398979187
5.0,0.5207697749137878
5.0,0.4237982332706451
5.0,0.7582539319992065
5.0,0.7037644982337952
5.0,0.5059915781021118
5.0,0.7861268520355225
5.0,0.6175504922866821
5.0,0.8321325182914734
5.0,0.7657723426818848
5.0,0.7005885243415833
5.0,0.8025349974632263
5.0,0.7697963118553162
5.0,0.5581775307655334
5.0,0.3351935446262359
5.0,0.7125276327133179
5.0,0.8192089200019836
5.0,0.3312872648239136
5.0,0.9127310514450072
5.0,0.0849883556365966
5.0,0.8893133997917175
5.0,0.7070556879043579
5.0,0.7760792374610901
5.0,0.1856101006269455
5.0,0.7774621844291687
5.0,0.7320573329925537
5.0,0.5885331630706787
5.0,0.7194225192070007
5.0,0.7594608068466187
5.0,0.1641596257686615
5.0,0.6929419040679932
5.0,0.5053505897521973
5.0,0.2515921294689178
5.0,0.3492142558097839
5.0,0.7533147931098938
5.0,0.7280945777893066
5.0,0.6057114005088806
5.0,0.7716823220252991
5.0,0.5213418006896973
5.0,0.5972113013267517
5.0,0.4714183509349823
5.0,0.3009811341762543
5.0,0.4265532195568084
5.0,0.7700521349906921
5.0,0.866601288318634
5.0,0.7539227604866028
5.0,0.6265378594398499
5.0,0.5049639344215393
5.0,0.7283124327659607
5.0,0.5381179451942444
5.0,0.8238664269447327
5.0,0.7573438286781311
5.0,0.8887797594070435
5.0,0.7614102363586426
5.0,0.2746177613735199
5.0,0.7340853214263916
5.0,0.512898862361908
5.0,0.8935088515281677
5.0,0.6505281925201416
5.0,0.7572802305221558
5.0,0.7287903428077698
5.0,0.6734336018562317
5.0,0.7640516757965088
5.0,0.6340852379798889
5.0,0.4971702992916107
5.0,0.7224525213241577
5.0,0.3086316287517547
5.0,0.6531798839569092
5.0,0.8404034972190857
5.0,0.7691260576248169
5.0,0.7581052184104919
5.0,0.5825263261795044
5.0,0.7568475604057312
5.0,0.6565433740615845
5.0,0.7719482779502869
5.0,0.080080397427082
5.0,0.1394394636154174
5.0,0.6556068062782288
5.0,0.7442231774330139
5.0,0.752560019493103
5.0,0.4672902226448059
5.0,0.3526477515697479
5.0,0.5788950324058533
5.0,0.8432009816169739
5.0,0.8194121718406677
5.0,0.6875566840171814
5.0,0.7777413725852966
5.0,0.6621283292770386
5.0,0.8250952363014221
5.0,0.6785228848457336
5.0,0.4496354460716247
5.0,4.1425021746199775e-10
5.0,0.6314404606819153
5.0,0.4244484603404999
5.0,0.482543021440506
5.0,0.8027267456054688
5.0,0.5949200391769409
5.0,0.836071252822876
6.0,0.6083157062530518
6.0,4.1425021746199775e-10
6.0,0.7385480999946594
6.0,0.6833400130271912
6.0,0.7838163375854492
6.0,0.7887107729911804
6.0,0.7305582165718079
6.0,0.7110370397567749
6.0,0.7796912789344788
6.0,0.8521571755409241
6.0,0.7524971961975098
6.0,0.5344308018684387
6.0,0.7114361524581909
6.0,0.8356974720954895
6.0,0.7573087811470032
6.0,0.7559970021247864
6.0,0.3724812865257263
6.0,0.6706723570823669
6.0,0.8015434145927429
6.0,0.6669241189956665
6.0,0.8444744348526001
6.0,0.550640881061554
6.0,0.7167855501174927
6.0,0.7488518953323364
6.0,0.7899937629699707
6.0,0.349360853433609
6.0,0.6941545009613037
6.0,0.8695287704467773
6.0,0.7770341038703918
6.0,0.47718346118927
6.0,0.4672900736331939
6.0,0.8006512522697449
6.0,0.7723879218101501
6.0,0.6018344759941101
6.0,0.4651317000389099
6.0,0.7117871046066284
6.0,0.7820569276809692
6.0,0.7427937388420105
6.0,0.6047335267066956
6.0,0.1242750138044357
6.0,0.7353236675262451
6.0,0.5101815462112427
6.0,0.8101596832275391
6.0,0.7959075570106506
6.0,0.8248903751373291
6.0,0.5355620384216309
6.0,0.4900212287902832
6.0,0.5302920937538147
6.0,0.686913251876831
6.0,0.7859740257263184
6.0,0.7108742594718933
6.0,0.9007505178451538
6.0,0.1905499994754791
6.0,0.1511997729539871
6.0,0.7423553466796875
6.0,0.6661291122436523
6.0,0.7783485054969788
6.0,0.5097626447677612
6.0,0.5905326008796692
6.0,0.7953859567642212
6.0,0.7683917284011841
6.0,0.4351185858249664
6.0,0.7182013392448425
6.0,0.7985206842422485
6.0,0.8388040065765381
6.0,0.8939043879508972
6.0,0.6711007952690125
6.0,0.8251615762710571
6.0,0.7805687785148621
6.0,0.6862711906433105
6.0,0.71540766954422
6.0,0.6241765022277832
6.0,0.8080664277076721
6.0,0.8938165307044983
6.0,0.5540589690208435
6.0,0.3433467745780945
6.0,0.2972160875797272
6.0,0.7330071926116943
6.0,0.787585437297821
6.0,0.5745782852172852
6.0,0.596549928188324
6.0,0.1274625360965728
6.0,0.709709107875824
6.0,0.7548690438270569
6.0,0.8435098528862
6.0,0.4985019564628601
6.0,0.7819636464118958
6.0,0.5375195145606995
6.0,0.5742904543876648
6.0,0.4700219929218292
6.0,0.8187551498413086
6.0,0.771395742893219
6.0,0.7266265153884888
6.0,0.4850368499755859
6.0,0.1712843775749206
6.0,0.7428354024887085
6.0,0.7668851613998413
6.0,0.8985461592674255
6.0,0.3021826148033142
6.0,0.6334136128425598
0.0,0.4487781524658203
0.0,0.3451344966888428
0.0,0.2452176511287689
0.0,0.6372601389884949
0.0,0.4302251636981964
0.0,0.2285103499889373
0.0,0.1296254694461822
0.0,0.463386595249176
0.0,0.2154895514249801
0.0,0.0123295923694968
0.0,0.7645717859268188
0.0,0.2576560974121094
0.0,0.2173020094633102
0.0,0.3409958481788635
0.0,0.6824209094047546
0.0,0.4362541437149048
0.0,0.7485275268554688
0.0,0.6849533915519714
0.0,0.3523120582103729
0.0,0.3306683897972107
0.0,0.1969042420387268
0.0,0.1546075344085693
0.0,0.3345080316066742
0.0,0.8379883170127869
0.0,0.8604624271392822
0.0,0.1043661162257194
0.0,0.7728739976882935
0.0,0.4306258857250213
0.0,0.5519211888313293
0.0,0.5153334140777588
0.0,0.5103370547294617
0.0,0.3227056264877319
0.0,0.5248140692710876
0.0,0.2922510206699371
0.0,0.4699155390262604
0.0,0.199222981929779
0.0,0.3918671607971191
0.0,0.5546532273292542
0.0,6.903216887010899e-11
0.0,0.3968612253665924
0.0,0.0853566154837608
0.0,0.730353832244873
0.0,0.4385069608688354
0.0,0.6761164665222168
0.0,0.2702791094779968
0.0,0.3189805150032043
0.0,0.2940888106822967
0.0,0.1733951568603515
0.0,0.1887993067502975
0.0,0.2994513809680938
0.0,0.6082419157028198
0.0,0.4459851086139679
0.0,0.3380094468593597
0.0,0.292918711900711
0.0,0.2220062613487243
0.0,0.2578859031200409
0.0,0.2751357555389404
0.0,0.0968702808022499
0.0,0.3855186402797699
0.0,0.2136863321065902
0.0,0.8121849894523621
0.0,0.610472559928894
0.0,0.7362037301063538
0.0,0.7127776741981506
0.0,0.2623768448829651
0.0,0.317863404750824
0.0,0.1135138794779777
0.0,0.1948978453874588
0.0,0.1980512291193008
0.0,0.1804932504892349
0.0,0.197450965642929
0.0,0.2120869010686874
0.0,0.5813825130462646
0.0,0.3073112666606903
0.0,0.4356585741043091
0.0,0.1158471629023552
0.0,0.3861784040927887
0.0,0.4164304137229919
0.0,0.1027963012456893
0.0,0.1935746520757675
0.0,0.5370141267776489
0.0,0.6071797013282776
0.0,0.290479302406311
0.0,0.6868831515312195
0.0,0.8063023090362549
0.0,0.1421975791454315
0.0,0.4059783220291137
0.0,0.4887748062610626
0.0,0.4997339844703674
0.0,0.158944696187973
0.0,0.5338545441627502
0.0,0.3660672903060913
0.0,0.3820125758647918
0.0,0.1786281019449234
0.0,0.7089070081710815
0.0,0.4780219793319702
0.0,0.5370588302612305
0.0,0.3208279907703399
0.0,0.2265016436576843
0.0,0.2160467207431793
1.0,0.3191934823989868
1.0,0.7011234760284424
1.0,0.5341454744338989
1.0,0.0351422876119613
1.0,0.6152334809303284
1.0,0.6979237198829651
1.0,0.3192141354084015
1.0,0.5206941366195679
1.0,0.5206189155578613
1.0,0.5403605103492737
1.0,0.2306988835334777
1.0,0.5870981216430664
1.0,0.3435559272766113
1.0,0.2179772108793258
1.0,0.3395399153232574
1.0,0.7897670865058899
1.0,0.1327621340751648
1.0,0.3331297636032104
1.0,0.2449649423360824
1.0,0.6019684076309204
1.0,0.2883388698101043
1.0,0.6595868468284607
1.0,0.5880404114723206
1.0,0.4954688549041748
1.0,0.5309293270111084
1.0,0.769659698009491
1.0,0.4331734180450439
1.0,0.1787116825580597
1.0,0.3371440768241882
1.0,0.1528490036725998
1.0,0.7270258665084839
1.0,0.3088986575603485
1.0,0.4582672417163849
1.0,0.5941832065582275
1.0,0.2430783361196518
1.0,0.4211802780628204
1.0,0.4188486635684967
1.0,0.3641817569732666
1.0,0.3937626481056213
1.0,0.40717214345932
1.0,0.7423079609870911
1.0,0.3364638686180115
1.0,0.4223453402519226
1.0,7.353481712435439e-11
1.0,0.1255556643009185
1.0,0.4561906158924103
1.0,0.5347597002983093
1.0,0.4630505442619324
1.0,0.3374109268188476
1.0,0.1432352364063263
1.0,0.3802897036075592
1.0,0.4272167086601257
1.0,0.3030474483966827
1.0,0.5677856802940369
1.0,0.8241758346557617
1.0,0.3618210554122925
1.0,0.8245037794113159
1.0,0.6273927688598633
1.0,0.5233427882194519
1.0,0.7176896929740906
1.0,0.4193943738937378
1.0,0.4016251862049103
1.0,0.5083275437355042
1.0,0.2883471250534057
1.0,0.786260187625885
1.0,0.4219798147678375
1.0,0.558711588382721
1.0,0.4089187383651733
1.0,0.4789289832115173
1.0,0.7544471621513367
1.0,0.7314081192016602
1.0,0.4698919057846069
1.0,0.7808712124824524
1.0,0.2231835126876831
1.0,0.3947878777980804
1.0,0.5232354402542114
1.0,0.7602631449699402
1.0,0.1601095795631408
1.0,0.3335397839546203
1.0,0.2533371448516845
1.0,0.6332790851593018
1.0,0.2858136892318725
1.0,0.7776414155960083
1.0,0.6453173160552979
1.0,0.5022774338722229
1.0,0.2849988043308258
1.0,0.7623852491378784
1.0,0.8052094578742981
1.0,0.3336494863033294
1.0,0.294867068529129
1.0,0.1048442795872688
1.0,0.4156920313835144
1.0,0.5165113210678101
1.0,0.6292052865028381
1.0,0.1835545748472213
1.0,0.1773988008499145
1.0,0.286091148853302
1.0,0.5680565237998962
1.0,0.485262930393219
1.0,0.6017186045646667
2.0,0.1515215188264846
2.0,0.4728729724884033
2.0,0.3330971002578735
2.0,0.186883732676506
2.0,0.495425671339035
2.0,0.6981633901596069
2.0,0.8175746202468872
2.0,0.621421217918396
2.0,0.334980696439743
2.0,0.3419252038002014
2.0,0.6591811180114746
2.0,0.4480472505092621
2.0,0.7349653244018555
2.0,0.3038757443428039
2.0,0.8293458819389343
2.0,0.6114205718040466
2.0,0.5320960879325867
2.0,0.7779296040534973
2.0,0.7110397219657898
2.0,0.8161979913711548
2.0,0.5457106232643127
2.0,0.7986787557601929
2.0,0.7628680467605591
2.0,0.6392514705657959
2.0,0.55439293384552
2.0,0.1483932733535766
2.0,0.6440621018409729
2.0,0.3621390163898468
2.0,0.5325719714164734
2.0,0.6119189858436584
2.0,0.2566815018653869
2.0,3.3898306384116944e-10
2.0,0.5146462917327881
2.0,0.7869412302970886
2.0,0.6865420341491699
2.0,0.4782636761665344
2.0,0.5701066851615906
2.0,0.5877399444580078
2.0,0.5603774785995483
2.0,0.6642014384269714
2.0,0.2908181250095367
2.0,0.5306193232536316
2.0,0.4274751842021942
2.0,0.3029622733592987
2.0,0.6002079248428345
2.0,0.5267156362533569
2.0,0.4301253855228424
2.0,0.4434332847595215
2.0,0.3568164408206939
2.0,0.3029379248619079
2.0,0.65012127161026
2.0,0.6287074089050293
2.0,0.4302518367767334
2.0,0.3882710635662079
2.0,0.4363209009170532
2.0,0.1891568899154663
2.0,0.6616860032081604
2.0,0.7816548943519592
2.0,0.5375669598579407
2.0,0.3868167698383331
2.0,0.3583045303821563
2.0,0.1281953901052475
2.0,0.5709174275398254
2.0,0.6252691745758057
2.0,0.4378084242343902
2.0,0.5183217525482178
2.0,0.7071303725242615
2.0,0.5726264119148254
2.0,0.3274557590484619
2.0,0.7267394661903381
2.0,0.7871147990226746
2.0,0.509693443775177
2.0,0.6755813360214233
2.0,0.4778388738632202
2.0,0.5638511776924133
2.0,0.1879966855049133
2.0,0.4586215913295746
2.0,0.2712287306785583
2.0,0.4938783049583435
2.0,0.4183707535266876
2.0,0.0337961502373218
2.0,0.1557574421167373
2.0,0.8148740530014038
2.0,0.2688989043235779
2.0,0.2633085250854492
2.0,0.475021481513977
2.0,0.3191381990909576
2.0,0.6537003517150879
2.0,0.7696818113327026
2.0,0.3585562705993652
2.0,0.3994736969470978
2.0,0.168939471244812
2.0,0.3651313483715057
2.0,0.3778000771999359
2.0,0.3096617758274078
2.0,0.7889913320541382
2.0,0.4961972832679748
2.0,0.5085309743881226
2.0,0.8352663516998291
2.0,0.441907674074173
3.0,0.6094734072685242
3.0,0.63469398021698
3.0,0.7092816829681396
3.0,0.6681001782417297
3.0,0.1801818609237671
3.0,0.8440384864807129
3.0,0.7662387490272522
3.0,0.7442237734794617
3.0,0.6141027808189392
3.0,0.5627971291542053
3.0,0.7558628916740417
3.0,0.6498057246208191
3.0,0.7661747336387634
3.0,0.8119946718215942
3.0,0.3000396490097046
3.0,0.8773610591888428
3.0,0.7311440110206604
3.0,0.7987293601036072
3.0,0.8478672504425049
3.0,0.3406912088394165
3.0,0.4776257276535034
3.0,0.7039669752120972
3.0,0.748610258102417
3.0,0.517081618309021
3.0,0.7720777988433838
3.0,0.59140944480896
3.0,0.8473445773124695
3.0,0.4591720402240753
3.0,0.8468561768531799
3.0,0.5973444581031799
3.0,0.7500600218772888
3.0,0.5261855721473694
3.0,0.7075759172439575
3.0,0.4404579699039459
3.0,0.6136436462402344
3.0,0.6612624526023865
3.0,0.7401746511459351
3.0,0.5531942248344421
3.0,0.4994575977325439
3.0,0.7204269766807556
3.0,0.3249359428882599
3.0,0.7496892213821411
3.0,0.5407528877258301
3.0,0.3128392994403839
3.0,0.6150806546211243
3.0,0.5941517353057861
3.0,0.7638813257217407
3.0,0.4967786967754364
3.0,0.7505428791046143
3.0,0.847718358039856
3.0,0.5966632962226868
3.0,0.2462139576673507
3.0,0.7076034545898438
3.0,0.2239038199186325
3.0,0.3297809362411499
3.0,0.550646960735321
3.0,0.6374605894088745
3.0,0.6695514917373657
3.0,0.6126714944839478
3.0,0.5048282146453857
3.0,0.6342517137527466
3.0,0.727220356464386
3.0,0.4230690598487854
3.0,0.8078296184539795
3.0,0.495044082403183
3.0,0.5872763395309448
3.0,0.7372022867202759
3.0,0.4375530183315277
3.0,0.6023192405700684
3.0,0.7142109870910645
3.0,0.682675838470459
3.0,0.6966167092323303
3.0,0.5674673914909363
3.0,0.8712136745452881
3.0,0.5443344712257385
3.0,0.4814201295375824
3.0,0.7105540037155151
3.0,0.740622878074646
3.0,0.1835956126451492
3.0,0.7383736371994019
3.0,0.6230388283729553
3.0,0.2944739758968353
3.0,0.4937959909439087
3.0,0.7818952202796936
3.0,0.7122573852539062
3.0,0.8851686120033264
3.0,0.4292289018630981
3.0,0.8219273090362549
3.0,0.5653309226036072
3.0,4.1425021746199775e-10
3.0,0.5709820985794067
3.0,0.5518307089805603
3.0,0.4349889755249023
3.0,0.8442724943161011
3.0,0.512878954410553
3.0,0.7219710946083069
3.0,0.5115900635719299
3.0,0.7563157677650452
3.0,0.3451271057128906
3.0,0.4543597102165222
4.0,0.3103850185871124
4.0,0.1615795046091079
4.0,0.5306676030158997
4.0,0.8644976019859314
4.0,0.6468613147735596
4.0,0.0781709104776382
4.0,0.4019012451171875
4.0,0.664807140827179
4.0,0.363076388835907
4.0,0.6448430418968201
4.0,0.707317054271698
4.0,0.7586538195610046
4.0,0.6407631039619446
4.0,0.6970932483673096
4.0,0.7440409064292908
4.0,0.2955483794212341
4.0,0.6903818249702454
4.0,0.6857702732086182
4.0,0.7429701089859009
4.0,0.6378993391990662
4.0,0.5966168642044067
4.0,0.2616728544235229
4.0,0.4788369238376617
4.0,0.451806366443634
4.0,0.526604175567627
4.0,0.6707497239112854
4.0,0.6915508508682251
4.0,0.7794163227081299
4.0,0.7717791795730591
4.0,0.4735846221446991
4.0,0.5512259006500244
4.0,0.725966215133667
4.0,0.5678849220275879
4.0,0.3287932574748993
4.0,0.3690450489521026
4.0,0.3926613628864288
4.0,0.7936024069786072
4.0,0.5554365515708923
4.0,0.5979983806610107
4.0,0.8468160629272461
4.0,0.6689742803573608
4.0,0.6105214953422546
4.0,0.8676518797874451
4.0,0.1712503284215927
4.0,0.7174198031425476
4.0,0.7971528768539429
4.0,0.5602219104766846
4.0,0.8090811371803284
4.0,0.6383476853370667
4.0,0.8461117148399353
4.0,0.7917965054512024
4.0,0.7273696660995483
4.0,0.5812581181526184
4.0,0.6225484609603882
4.0,0.5683338046073914
4.0,0.154948353767395
4.0,0.387090802192688
4.0,0.6371222138404846
4.0,0.8093536496162415
4.0,0.4471881985664367
4.0,0.3476030826568603
4.0,0.5440539121627808
4.0,0.6804165840148926
4.0,0.7484192848205566
4.0,0.4999588429927826
4.0,0.3316599428653717
4.0,0.8588894009590149
4.0,0.5294851660728455
4.0,0.6654717922210693
4.0,0.5179318189620972
4.0,0.6936261653900146
4.0,0.8826833963394165
4.0,0.166410431265831
4.0,0.6839700937271118
4.0,0.7454240918159485
4.0,0.7818227410316467
4.0,0.9095838069915771
4.0,0.622268557548523
4.0,0.8074849247932434
4.0,0.4657087922096252
4.0,4.1425021746199775e-10
4.0,0.7135980129241943
4.0,0.5351833701133728
4.0,0.2308789640665054
4.0,0.757783830165863
4.0,0.590480387210846
4.0,0.7858496904373169
4.0,0.8379602432250977
4.0,0.5989247560501099
4.0,0.5754169225692749
4.0,0.706042468547821
4.0,0.5656547546386719
4.0,0.5204476714134216
4.0,0.7908938527107239
4.0,0.639640748500824
4.0,0.3751319050788879
4.0,0.7187390327453613
4.0,0.3640240132808685
4.0,0.88700932264328
4.0,0.797237753868103
5.0,0.5216624736785889
5.0,0.5264762043952942
5.0,0.748818039894104
5.0,0.6983144879341125
5.0,0.7718204259872437
5.0,0.8484587669372559
5.0,0.5429918766021729
5.0,0.6617434620857239
5.0,0.5640906691551208
5.0,0.7405001521110535
5.0,0.7861214876174927
5.0,0.6228080987930298
5.0,0.7156399488449097
5.0,0.5493616461753845
5.0,0.5739567279815674
5.0,0.3740614950656891
5.0,0.7154147028923035
5.0,0.6189017295837402
5.0,0.7729474902153015
5.0,0.8419768214225769
5.0,0.8364145159721375
5.0,0.4448681771755218
5.0,0.5851773619651794
5.0,0.7902894020080566
5.0,0.4442676901817322
5.0,0.8077788352966309
5.0,0.2836728692054748
5.0,0.171032428741455
5.0,0.1988142877817154
5.0,0.8478739261627197
5.0,0.6621664762496948
5.0,0.8708922863006592
5.0,0.5789438486099243
5.0,0.4184832870960235
5.0,0.6237511038780212
5.0,0.8799505829811096
5.0,0.7632123231887817
5.0,0.6623653173446655
5.0,0.7449882626533508
5.0,0.5974458456039429
5.0,0.5965266823768616
5.0,0.3986165225505829
5.0,0.0076028904877603
5.0,0.7477425932884216
5.0,0.7166268229484558
5.0,0.6344954967498779
5.0,0.637904167175293
5.0,0.75
5.0,0.6649355292320251
5.0,0.8574246168136597
5.0,0.7017326354980469
5.0,0.5089172720909119
5.0,0.4202331900596618
5.0,0.4645499587059021
5.0,0.3350109457969665
5.0,0.7098778486251831
5.0,0.6310810446739197
5.0,0.676122784614563
5.0,0.547443151473999
5.0,4.1425021746199775e-10
5.0,0.5719937086105347
5.0,0.8447730541229248
5.0,0.3896600604057312
5.0,0.7518823742866516
5.0,0.5919780135154724
5.0,0.7697048783302307
5.0,0.5703830122947693
5.0,0.7269916534423828
5.0,0.7295365333557129
5.0,0.7748665809631348
5.0,0.7487002015113831
5.0,0.6458360552787781
5.0,0.7557218074798584
5.0,0.7774664759635925
5.0,0.7049168348312378
5.0,0.5003668665885925
5.0,0.8925323486328125
5.0,0.4531784951686859
5.0,0.7609580755233765
5.0,0.6552572250366211
5.0,0.910352349281311
5.0,0.6941583156585693
5.0,0.6006219983100891
5.0,0.7052473425865173
5.0,0.7596842646598816
5.0,0.348888486623764
5.0,0.8153567314147949
5.0,0.8566712141036987
5.0,0.2333606481552124
5.0,0.2710030674934387
5.0,0.7324111461639404
5.0,0.7929877638816833
5.0,0.8053109645843506
5.0,0.8622989654541016
5.0,0.5042600035667419
5.0,0.5930342674255371
5.0,0.3151540458202362
5.0,0.6229067444801331
5.0,0.6168711185455322
5.0,0.6860590577125549
6.0,0.670075535774231
6.0,0.851910412311554
6.0,0.4532494246959686
6.0,0.8230683207511902
6.0,0.6940215826034546
6.0,0.5403375625610352
6.0,0.5926914215087891
6.0,0.6348114013671875
6.0,0.8145829439163208
6.0,0.4359679222106933
6.0,0.5212581753730774
6.0,0.7860412001609802
6.0,0.7765188217163086
6.0,0.8360034227371216
6.0,0.7801875472068787
6.0,0.7276275753974915
6.0,0.6252444982528687
6.0,0.7496954798698425
6.0,0.7403307557106018
6.0,0.5811182260513306
6.0,0.7083161473274231
6.0,0.83669114112854
6.0,0.7315162420272827
6.0,0.650627076625824
6.0,0.5218443870544434
6.0,0.4424746632575989
6.0,0.2819444835186004
6.0,4.1425021746199775e-10
6.0,0.7306613922119141
6.0,0.7046408653259277
6.0,0.7989226579666138
6.0,0.7139081358909607
6.0,0.8762898445129395
6.0,0.7131937742233276
6.0,0.6828826069831848
6.0,0.6647512316703796
6.0,0.6159567832946777
6.0,0.5824345350265503
6.0,0.759904682636261
6.0,0.7626181244850159
6.0,0.7737917304039001
6.0,0.325323224067688
6.0,0.8424164056777954
6.0,0.5947862863540649
6.0,0.7510721683502197
6.0,0.4862639904022217
6.0,0.3458721339702606
6.0,0.8855802416801453
6.0,0.8060700297355652
6.0,0.2142385095357895
6.0,0.7131317257881165
6.0,0.8636866211891174
6.0,0.7234818935394287
6.0,0.5582901239395142
6.0,0.8581565618515015
6.0,0.3672153651714325
6.0,0.7470418214797974
6.0,0.6687250137329102
6.0,0.8409373760223389
6.0,0.7113447189331055
6.0,0.8106703162193298
6.0,0.7711881995201111
6.0,0.6577549576759338
6.0,0.8617556095123291
6.0,0.862762451171875
6.0,0.6875284910202026
6.0,0.9216856956481934
6.0,0.7086688876152039
6.0,0.8060529828071594
6.0,0.7512089610099792
6.0,0.8550134897232056
6.0,0.820937991142273
6.0,0.7483195662498474
6.0,0.6892322301864624
6.0,0.7691138386726379
6.0,0.8829064965248108
6.0,0.3915217816829681
6.0,0.6449781656265259
6.0,0.6106274127960205
6.0,0.7779995799064636
6.0,6.578514816224512e-11
6.0,0.8814384937286377
6.0,0.6055736541748047
6.0,0.8255716562271118
6.0,0.6217644214630127
6.0,0.7844383716583252
6.0,0.4298006296157837
6.0,0.8286172151565552
6.0,0.9133188724517822
6.0,0.6285992860794067
6.0,0.7860499620437622
6.0,0.5326749682426453
6.0,0.8348084092140198
6.0,0.6426607370376587
6.0,0.4927958548069
6.0,0.8951762318611145
6.0,0.8294934630393982
6.0,0.6906582713127136
6.0,0.8059594631195068
6.0,0.4650129079818725
7.0,0.9013785123825072
7.0,0.8091639876365662
7.0,0.6077355742454529
7.0,0.7161062955856323
7.0,0.8378635048866272
7.0,0.5587106943130493
7.0,0.6992413401603699
7.0,0.6228068470954895
7.0,0.7555779814720154
7.0,0.6930921077728271
7.0,0.848818302154541
7.0,0.6309710144996643
7.0,0.6014487147331238
7.0,0.4103657007217407
7.0,0.642244815826416
7.0,0.7475743889808655
7.0,0.8688017725944519
7.0,0.6324652433395386
7.0,0.2266635596752166
7.0,0.8324187397956848
7.0,0.6221928596496582
7.0,0.8744924068450928
7.0,0.6429176330566406
7.0,0.8700007200241089
7.0,0.7586250305175781
7.0,0.7243261337280273
7.0,0.9013301730155944
7.0,0.8165848255157471
7.0,0.4746372103691101
7.0,0.6598768830299377
7.0,7.078643921021309e-11
7.0,0.7421815395355225
7.0,0.6909887194633484
7.0,0.8613781929016113
7.0,0.8207090497016907
7.0,0.7641154527664185
7.0,0.7853065133094788
7.0,0.720797061920166
7.0,0.8200892806053162
7.0,0.7027462124824524
7.0,0.5650034546852112
7.0,0.2368438690900802
7.0,0.9166300296783448
7.0,0.5922953486442566
7.0,0.7030006051063538
7.0,0.269743800163269
7.0,0.8976939916610718
7.0,0.6716307401657104
7.0,0.8839040398597717
7.0,0.9018616676330566
7.0,0.5149524807929993
7.0,0.1670368760824203
7.0,0.7805365324020386
7.0,0.7994274497032166
7.0,0.4968984723091125
7.0,0.7464084625244141
7.0,0.7068588137626648
7.0,0.5855310559272766
7.0,0.8896363377571106
7.0,0.8034639954566956
7.0,0.8915827870368958
7.0,0.8233187198638916
7.0,0.8771030306816101
7.0,0.864432156085968
7.0,0.657509982585907
7.0,0.4565712511539459
7.0,0.8403385281562805
7.0,0.7574447393417358
7.0,0.7456226944923401
7.0,0.858712911605835
7.0,0.7436221837997437
7.0,0.8949068188667297
7.0,0.7908022999763489
7.0,0.7723018527030945
7.0,0.8086480498313904
7.0,0.7749840617179871
7.0,0.7460927963256836
7.0,4.1425021746199775e-10
7.0,0.6936073899269104
7.0,0.7179229855537415
7.0,0.6198092699050903
7.0,0.8562503457069397
7.0,0.68397456407547
7.0,0.5897223949432373
7.0,0.5707433819770813
7.0,0.3656930029392242
7.0,0.4287310540676117
7.0,0.7906427383422852
7.0,0.8958750367164612
7.0,0.7084127068519592
7.0,0.559555172920227
7.0,0.8056902885437012
7.0,0.6539555191993713
7.0,0.8301172852516174
7.0,0.6434309482574463
7.0,0.6872308850288391
7.0,0.838080883026123
7.0,0.7705398797988892
7.0,0.8498920202255249
7.0,0.9028019905090332
8.0,0.2135716378688812
8.0,0.8787647485733032
8.0,0.1126375570893287
8.0,0.8820258975028992
8.0,0.7369970083236694
8.0,4.1425021746199775e-10
8.0,0.7921538352966309
8.0,0.6320750713348389
8.0,0.8813359141349792
8.0,0.85710608959198
8.0,0.7105883955955505
8.0,0.6720816493034363
8.0,0.608562707901001
8.0,0.7875228524208069
8.0,0.7216451168060303
8.0,0.780288577079773
8.0,0.7267394065856934
8.0,0.4347386956214905
8.0,0.6582974195480347
8.0,0.7928815484046936
8.0,0.5761735439300537
8.0,0.8607563376426697
8.0,0.6654068827629089
8.0,0.7435275912284851
8.0,0.7454426288604736
8.0,0.6308741569519043
8.0,0.7613587379455566
8.0,0.6486901640892029
8.0,0.7133157849311829
8.0,0.4720843732357025
8.0,0.7570011019706726
8.0,0.4937666952610016
8.0,0.5781740546226501
8.0,0.7163049578666687
8.0,0.8632298707962036
8.0,0.6221182346343994
8.0,0.4191583693027496
8.0,0.7476842403411865
8.0,0.7059251666069031
8.0,0.7829182744026184
8.0,0.772687554359436
8.0,0.8047148585319519
8.0,0.6956788897514343
8.0,0.7599581480026245
8.0,0.6146730780601501
8.0,0.7993243336677551
8.0,0.8503465056419373
8.0,0.660487949848175
8.0,0.6130838394165039
8.0,0.8132275342941284
8.0,0.755973219871521
8.0,0.7790961265563965
8.0,0.6524885892868042
8.0,0.6409498453140259
8.0,0.6247571110725403
8.0,0.7237082719802856
8.0,0.7401605844497681
8.0,0.7828855514526367
8.0,0.7885279059410095
8.0,0.4135753512382507
8.0,0.8719955086708069
8.0,0.7194004654884338
8.0,0.6174337863922119
8.0,0.7455925941467285
8.0,0.8070003390312195
8.0,0.5946089625358582
8.0,0.7630124688148499
8.0,0.6478405594825745
8.0,0.7148319482803345
8.0,0.8429475426673889
8.0,0.8359851837158203
8.0,0.7447836995124817
8.0,0.3586585223674774
8.0,0.6708325147628784
8.0,0.665362536907196
8.0,0.5
8.0,0.4480077624320984
8.0,0.7493324279785156
8.0,0.3618578314781189
8.0,0.6837291121482849
8.0,0.7470418214797974
8.0,0.8124052882194519
8.0,0.7600608468055725
8.0,0.836509108543396
8.0,0.3538097739219665
8.0,0.435835987329483
8.0,0.7159926891326904
8.0,0.7649545669555664
8.0,0.6231982111930847
8.0,0.7842247486114502
8.0,0.3140046894550323
8.0,0.7315225005149841
8.0,0.6887865662574768
8.0,0.8215692043304443
8.0,0.5309218168258667
8.0,0.8126501441001892
8.0,0.8685147166252136
8.0,0.8099722266197205
8.0,0.6463634967803955
8.0,0.8291040062904358
9.0,0.8621732592582703
9.0,0.6911314725875854
9.0,0.7520267367362976
9.0,0.5319556593894958
9.0,0.7783598303794861
9.0,0.4626597762107849
9.0,0.5782507658004761
9.0,0.6460940837860107
9.0,0.8891094326972961
9.0,0.7652164697647095
9.0,0.6261942982673645
9.0,0.6509201526641846
9.0,0.80413419008255
9.0,0.8884469866752625
9.0,0.7860465049743652
9.0,0.5925757884979248
9.0,0.600420355796814
9.0,0.8219881057739258
9.0,0.8946011066436768
9.0,0.6716689467430115
9.0,0.8150427937507629
9.0,4.1425021746199775e-10
9.0,0.7287891507148743
9.0,0.8740809559822083
9.0,0.7454802393913269
9.0,0.864570677280426
9.0,0.8956159353256226
9.0,0.7984658479690552
9.0,0.7240252494812012
9.0,0.3248070478439331
9.0,0.1273829042911529
9.0,0.7743033170700073
9.0,0.8704276084899902
9.0,0.868420422077179
9.0,0.7706371545791626
9.0,0.9098384976387024
9.0,0.7565346360206604
9.0,0.8529843091964722
9.0,0.490112692117691
9.0,0.7145224809646606
9.0,0.8167436718940735
9.0,0.7671443223953247
9.0,0.542215883731842
9.0,0.6898207068443298
9.0,0.8604431748390198
9.0,0.7554952502250671
9.0,0.7637789249420166
9.0,0.8423438668251038
9.0,0.812759280204773
9.0,0.8134977221488953
9.0,0.8652461767196655
9.0,0.8467581868171692
9.0,0.8413362503051758
9.0,0.392749011516571
9.0,0.7132075428962708
9.0,0.6360495090484619
9.0,0.7275235056877136
9.0,0.6736912727355957
9.0,0.7085261940956116
9.0,0.3694145381450653
9.0,0.8117256164550781
9.0,0.6879563927650452
9.0,0.6435461640357971
9.0,0.5450937151908875
9.0,0.7660358548164368
9.0,0.707891047000885
9.0,0.8972316980361938
9.0,0.8216717839241028
9.0,0.6680296063423157
9.0,0.5755466222763062
9.0,0.8505387306213379
9.0,0.776705801486969
9.0,0.8023267984390259
9.0,0.8281328082084656
9.0,0.6158660650253296
9.0,0.7733652591705322
9.0,0.0493527501821517
9.0,0.6684618592262268
9.0,0.7598742842674255
9.0,0.7745393514633179
9.0,0.7606969475746155
9.0,0.831535279750824
9.0,0.635647714138031
9.0,0.8168749809265137
9.0,0.8971903324127197
9.0,0.4419854581356048
9.0,0.2198124527931213
9.0,0.7468882203102112
9.0,0.7987930178642273
9.0,0.8358840346336365
9.0,0.6487551927566528
9.0,0.2742096781730652
9.0,0.8668028712272644
9.0,0.7574004530906677
9.0,0.90410178899765
9.0,0.8873101472854614
9.0,0.4440264105796814
9.0,0.7695613503456116
9.0,0.4212290644645691
9.0,0.6219199895858765
10.0,0.6072337627410889
10.0,0.794521152973175
10.0,0.7777777910232544
10.0,0.9120708703994751
10.0,0.8019139766693115
10.0,0.7961382865905762
10.0,0.7589080333709717
10.0,0.9006128907203674
10.0,0.7764415144920349
10.0,0.6762351393699646
10.0,0.8629899621009827
10.0,0.8216512203216553
10.0,0.813951849937439
10.0,0.7546291947364807
10.0,0.7386363744735718
10.0,0.7507403492927551
10.0,0.7554211616516113
10.0,0.8815764784812927
10.0,0.8728205561637878
10.0,0.4920431077480316
10.0,0.9000946283340454
10.0,0.9037790298461914
10.0,0.6866881847381592
10.0,0.8770955204963684
10.0,0.8743847608566284
10.0,0.6818943619728088
10.0,0.8362844586372375
10.0,0.7028252482414246
10.0,0.45431557297706604
10.0,0.8698360919952393
10.0,0.7309610247612
10.0,0.8079755902290344
10.0,0.587878406047821
10.0,0.6203711628913879
10.0,0.8504813313484192
10.0,0.7612015008926392
10.0,0.6402410864830017
10.0,0.6487852931022644
10.0,0.8115038871765137
10.0,0.8913111090660095
10.0,0.3094080984592438
10.0,0.8736327886581421
10.0,0.8182092308998108
10.0,0.7333495616912842
10.0,0.7028464078903198
10.0,0.787272036075592
10.0,0.7671921253204346
10.0,0.918777346611023
10.0,0.8871906399726868
10.0,0.931495726108551
10.0,0.8946402668952942
10.0,0.8680350184440613
10.0,0.5690783262252808
10.0,0.43093812465667725
10.0,0.5395599007606506
10.0,0.34086987376213074
10.0,0.8308813571929932
10.0,0.5748109221458435
10.0,0.7696341276168823
10.0,0.8942688703536987
10.0,0.8364982604980469
10.0,0.7247846722602844
10.0,0.6544328331947327
10.0,0.7255229949951172
10.0,0.8960914015769958
10.0,0.6522379517555237
10.0,0.7930623292922974
10.0,0.8905618190765381
10.0,0.806943953037262
10.0,0.6034249067306519
10.0,0.5288593173027039
10.0,0.8362982273101807
10.0,0.842531144618988
10.0,0.6571909189224243
10.0,0.6769307255744934
10.0,0.8612648844718933
10.0,0.8012322783470154
10.0,0.8350159525871277
10.0,0.8377720713615417
10.0,0.9086536765098572
10.0,0.8569114804267883
10.0,0.8222326040267944
10.0,0.7468289732933044
10.0,0.7527329921722412
10.0,0.8283448219299316
10.0,0.6174644231796265
10.0,0.8184961080551147
10.0,0.20865340530872345
10.0,0.45888030529022217
10.0,0.3783470392227173
10.0,0.6980574131011963
10.0,0.8491021394729614
10.0,0.8562657833099365
10.0,0.8821142911911011
10.0,0.1254626214504242
10.0,0.7954791188240051
10.0,0.6523030996322632
10.0,4.1425021746199775e-10
10.0,0.7901621460914612
10.0,0.8031842708587646
