epoch,iou
0.0,0.6335455775260925
0.0,5.156765639502403e-11
0.0,0.5694881677627563
0.0,0.1904954314231872
0.0,0.1662255078554153
0.0,0.4968279302120209
0.0,0.44920414686203
0.0,0.1534864455461502
0.0,0.7203837037086487
0.0,0.1996534168720245
0.0,0.2522110342979431
0.0,0.3239558041095733
0.0,0.4327605664730072
0.0,0.7740538120269775
0.0,0.3833679258823395
0.0,0.455111414194107
0.0,0.2374038249254226
0.0,0.4761857986450195
0.0,0.4986480176448822
0.0,0.469127207994461
0.0,0.3790997266769409
0.0,0.3291650712490082
0.0,0.2874471247196197
0.0,0.2397061586380005
0.0,0.1153729259967804
0.0,0.0135701997205615
0.0,0.5597327947616577
0.0,0.4021167159080505
0.0,0.3743868768215179
0.0,0.323637843132019
0.0,0.7620769739151001
0.0,0.2414117008447647
0.0,0.6482422351837158
0.0,0.084981583058834
0.0,0.3933295905590057
0.0,0.3837918937206268
0.0,0.207506000995636
0.0,0.4247410595417022
0.0,0.6062271595001221
0.0,0.5639796257019043
0.0,0.5180959105491638
0.0,0.4404014945030212
0.0,0.1857752352952957
0.0,0.4830962717533111
0.0,0.2740243971347809
0.0,0.4399341940879822
0.0,0.5153384208679199
0.0,0.336870789527893
0.0,0.7102031111717224
0.0,0.6069095730781555
0.0,0.4197346270084381
0.0,0.2783245146274566
0.0,0.1441359966993332
0.0,0.7184422612190247
0.0,0.7192380428314209
0.0,0.7069560885429382
0.0,0.293933093547821
0.0,0.1410582810640335
0.0,0.4661800861358642
0.0,0.5030035376548767
0.0,0.297605961561203
0.0,0.3333333432674408
0.0,0.7778218388557434
0.0,0.3384662270545959
0.0,0.5119459629058838
0.0,0.1555133610963821
0.0,0.1377269029617309
0.0,0.1349171102046966
0.0,0.2465724050998687
0.0,0.1744361966848373
0.0,0.4422061443328857
0.0,0.3174731433391571
0.0,0.2739508748054504
0.0,0.3115676343441009
0.0,0.0705687552690506
0.0,0.6221930980682373
0.0,0.5314104557037354
0.0,0.207325741648674
0.0,0.5259957313537598
0.0,0.2030105143785476
0.0,0.4516854584217071
0.0,0.6806224584579468
0.0,0.7491940855979919
0.0,0.3230498135089874
0.0,0.5545222163200378
0.0,0.7869859337806702
0.0,0.2689576745033264
0.0,0.4431082904338836
0.0,0.3606219589710235
0.0,0.7146947979927063
0.0,0.7218130826950073
0.0,0.0949617400765419
0.0,0.6218592524528503
0.0,0.5096461772918701
0.0,0.7324200868606567
0.0,0.0058666956610977
0.0,0.2110571563243866
0.0,0.1485842168331146
0.0,0.4674692749977112
0.0,0.3055881261825561
1.0,0.3820870220661163
1.0,0.503705620765686
1.0,0.7686119675636292
1.0,0.5846420526504517
1.0,0.6911582946777344
1.0,0.7078078985214233
1.0,0.655972957611084
1.0,0.5097933411598206
1.0,0.5801462531089783
1.0,0.5908883213996887
1.0,0.6022335886955261
1.0,0.4818419814109802
1.0,0.5519213080406189
1.0,0.8288368582725525
1.0,0.3905083835124969
1.0,0.6556931734085083
1.0,0.662297248840332
1.0,0.5731375217437744
1.0,0.3264038860797882
1.0,0.5327110886573792
1.0,0.7961858510971069
1.0,0.4402821958065033
1.0,0.460307776927948
1.0,0.4178995192050934
1.0,0.5619411468505859
1.0,0.4885563552379608
1.0,0.0584962517023086
1.0,0.8435143232345581
1.0,0.6690282225608826
1.0,0.7605836987495422
1.0,0.5371525883674622
1.0,0.3913212418556213
1.0,0.5260956287384033
1.0,1.1232168667385524e-10
1.0,0.467989981174469
1.0,0.7296740412712097
1.0,0.3371737599372864
1.0,0.4735186398029327
1.0,0.387174129486084
1.0,0.2555667161941528
1.0,0.7484772801399231
1.0,0.5202953219413757
1.0,0.7555248141288757
1.0,0.2905719578266144
1.0,0.5403014421463013
1.0,0.6904684901237488
1.0,0.8469876050949097
1.0,0.4732357859611511
1.0,0.5310401320457458
1.0,0.3963155150413513
1.0,0.2092815637588501
1.0,0.6365465521812439
1.0,0.6969062089920044
1.0,0.2599672973155975
1.0,0.4363248646259308
1.0,0.5319312214851379
1.0,0.7442299127578735
1.0,0.6295871138572693
1.0,0.1415232867002487
1.0,0.7022273540496826
1.0,0.5724267363548279
1.0,0.2113160192966461
1.0,0.8160310387611389
1.0,0.5032250285148621
1.0,0.6700738072395325
1.0,0.6926649212837219
1.0,0.2603532671928406
1.0,0.4533542990684509
1.0,0.4010973572731018
1.0,0.1966064870357513
1.0,0.7739653587341309
1.0,0.5411311984062195
1.0,0.7430832386016846
1.0,0.7061546444892883
1.0,0.6141626834869385
1.0,0.386732280254364
1.0,0.7215940952301025
1.0,0.5168989896774292
1.0,0.4975360035896301
1.0,0.6512733101844788
1.0,0.1849410384893417
1.0,0.5678631067276001
1.0,0.6459351181983948
1.0,0.741442859172821
1.0,0.414181500673294
1.0,0.1080876663327217
1.0,0.5832567811012268
1.0,0.4312666058540344
1.0,0.3712197244167328
1.0,0.623883068561554
1.0,0.5061419606208801
1.0,0.4974842667579651
1.0,0.7783105969429016
1.0,0.2948756217956543
1.0,0.3392246961593628
1.0,0.6374818682670593
1.0,0.3947425782680511
1.0,0.4821730256080627
1.0,0.6260409951210022
1.0,0.4759151637554168
0.0,0.2910724878311157
0.0,0.3266462087631225
0.0,0.2190161049365997
0.0,0.5336474180221558
0.0,0.3868257105350494
0.0,0.4366672039031982
0.0,0.2753407657146454
0.0,0.6907709836959839
0.0,0.3046997487545013
0.0,0.5831651091575623
0.0,0.6290083527565002
0.0,0.4080903530120849
0.0,0.6802225708961487
0.0,0.1692187488079071
0.0,0.5481150150299072
0.0,0.2893736064434051
0.0,0.2813533842563629
0.0,0.2890897989273071
0.0,0.6425950527191162
0.0,0.6888441443443298
0.0,0.0524746142327785
0.0,0.1334271281957626
0.0,0.4109733402729034
0.0,0.1086542755365371
0.0,0.1960684955120086
0.0,0.2029832005500793
0.0,0.2710904479026794
0.0,0.3905442953109741
0.0,0.7590811252593994
0.0,0.6307278275489807
0.0,0.4359597563743591
0.0,0.2585585117340088
0.0,0.4131229817867279
0.0,0.1719111651182174
0.0,0.2916533350944519
0.0,0.5095853209495544
0.0,0.1673885732889175
0.0,0.1228308454155922
0.0,0.5302021503448486
0.0,0.1638504415750503
0.0,0.7154243588447571
0.0,0.2082163691520691
0.0,0.2166492640972137
0.0,0.2929721176624298
0.0,0.7833921313285828
0.0,0.4709303975105285
0.0,0.2687366902828216
0.0,0.2910884320735931
0.0,0.0673400238156318
0.0,0.1540544033050537
0.0,0.2242658734321594
0.0,0.5743351578712463
0.0,0.0710772350430488
0.0,0.509273111820221
0.0,0.4482598602771759
0.0,0.0877803638577461
0.0,0.4869427680969238
0.0,0.6132052540779114
0.0,0.2211188077926635
0.0,0.80702143907547
0.0,0.26460662484169
0.0,0.1789311915636062
0.0,5.196965080500604e-11
0.0,0.0833092406392097
0.0,0.0617318525910377
0.0,0.2352675497531891
0.0,0.1967809200286865
0.0,0.4051846861839294
0.0,0.0111390687525272
0.0,0.194057211279869
0.0,0.6607310771942139
0.0,0.4235574007034302
0.0,0.8400439023971558
0.0,0.3203365802764892
0.0,0.2124336212873459
0.0,0.2111538648605346
0.0,0.1385180056095123
0.0,0.4677095413208008
0.0,0.4337789118289947
0.0,0.4356608390808105
0.0,0.5596095323562622
0.0,0.0003498294681776
0.0,0.4883134067058563
0.0,0.1899914741516113
0.0,0.5576740503311157
0.0,0.1462197601795196
0.0,0.1131249517202377
0.0,0.0851888358592987
0.0,0.2277001738548278
0.0,0.0764080435037612
0.0,0.3013194799423218
0.0,0.3611591756343841
0.0,0.415334552526474
0.0,0.5356558561325073
0.0,0.6171867251396179
0.0,0.2635776400566101
0.0,0.1464994847774505
0.0,0.7384867072105408
0.0,0.2289496660232544
0.0,0.4295747578144073
0.0,0.2647885382175445
0.0,0.1995714902877807
0.0,0.4147172272205353
0.0,0.4354244768619537
0.0,0.1688450872898101
0.0,0.3206242620944977
0.0,0.3158493340015411
0.0,0.275134801864624
0.0,0.4985513687133789
0.0,0.2563023269176483
0.0,0.1502009779214859
0.0,0.4812517762184143
0.0,0.5818938612937927
0.0,0.2065341621637344
0.0,0.3999689221382141
0.0,0.368616372346878
0.0,0.6719968914985657
0.0,0.0821492075920105
0.0,0.5127878785133362
0.0,0.4288775622844696
0.0,0.2897874712944031
0.0,0.1350931227207183
0.0,0.2735799252986908
0.0,0.0113044129684567
0.0,0.5077282786369324
0.0,0.2429641783237457
0.0,0.5752509832382202
0.0,0.518744170665741
0.0,0.3046773970127105
0.0,0.6171862483024597
0.0,0.4176494479179382
0.0,0.0411439575254917
0.0,0.4081889986991882
0.0,0.5821319222450256
0.0,0.1685441136360168
0.0,0.1572763174772262
0.0,0.193185955286026
0.0,0.5514727234840393
0.0,0.0707652196288108
0.0,0.3938315808773041
0.0,0.65557461977005
0.0,0.186292290687561
0.0,0.7659981846809387
0.0,0.4102822244167328
0.0,0.6498609781265259
0.0,0.4664904177188873
0.0,0.3607212007045746
0.0,0.267423003911972
0.0,0.7863491177558899
0.0,0.1896877139806747
0.0,0.2864249944686889
0.0,0.5205239057540894
0.0,0.4161490797996521
0.0,0.3277976512908935
0.0,0.2288876920938491
0.0,0.324135959148407
0.0,0.5025542378425598
0.0,3.897723810375453e-11
0.0,0.8024345636367798
0.0,0.1137454137206077
0.0,0.5323488712310791
0.0,0.293394386768341
0.0,0.4176078140735626
0.0,0.3048667013645172
0.0,0.2004002928733825
0.0,0.1209961473941803
0.0,0.2969745099544525
0.0,0.115707479417324
0.0,0.1442330181598663
0.0,0.0717856809496879
0.0,0.6236194968223572
0.0,0.2434173226356506
0.0,0.5892472267150879
0.0,0.5922279357910156
0.0,0.5617396235466003
0.0,0.0667953044176101
0.0,0.2682364583015442
0.0,0.3231917917728424
0.0,0.6703555583953857
0.0,0.4496718645095825
0.0,0.026189811527729
0.0,0.550453245639801
0.0,0.0861824229359626
0.0,0.2187399119138717
0.0,0.1736529320478439
0.0,0.6587874293327332
0.0,0.1861706674098968
0.0,0.1272671520709991
0.0,0.7025864720344543
0.0,0.5630624294281006
0.0,0.1624976694583892
0.0,0.4561972618103027
0.0,0.2836642265319824
0.0,0.3492083847522735
0.0,0.0701758712530136
0.0,0.2076643109321594
0.0,0.1288518011569976
0.0,0.0891331806778907
0.0,0.137016162276268
0.0,0.7838497161865234
0.0,0.099244438111782
0.0,0.5909969806671143
0.0,0.3413991928100586
0.0,0.2690865993499756
0.0,0.2541970908641815
0.0,0.5864353775978088
0.0,0.1407533437013626
0.0,0.4617390036582947
0.0,0.1889487504959106
0.0,0.318737119436264
0.0,0.7829740643501282
0.0,0.2425464242696762
0.0,0.6808403730392456
0.0,0.5626771450042725
0.0,0.309967577457428
0.0,0.1553016752004623
0.0,0.2557151317596435
0.0,0.3526378273963928
0.0,0.1677305251359939
0.0,0.0753397494554519
0.0,0.3241637647151947
0.0,0.0031514831352978
0.0,0.6814166903495789
0.0,0.1390487551689148
0.0,0.115722119808197
0.0,0.1742114126682281
0.0,0.5738301873207092
0.0,0.1797420084476471
0.0,0.3045956790447235
0.0,0.159462034702301
0.0,0.5446267127990723
0.0,0.1433435529470443
0.0,0.3560238182544708
0.0,0.3122346401214599
0.0,0.5322968363761902
0.0,0.2629789113998413
0.0,0.3586421906948089
0.0,0.1371168941259384
0.0,0.5040280818939209
0.0,0.4385139048099518
0.0,0.0662697404623031
0.0,0.1357095688581466
0.0,0.1576537787914276
0.0,0.4141712486743927
0.0,0.5575160980224609
0.0,0.2884117364883423
0.0,0.407593697309494
0.0,0.1290477216243744
0.0,0.1955293864011764
0.0,0.1727729439735412
0.0,0.6988400220870972
0.0,0.1475666165351867
0.0,0.4015654325485229
0.0,0.2442812770605087
0.0,0.205822467803955
0.0,0.011147434823215
0.0,0.1325883567333221
0.0,0.625282883644104
0.0,0.1927258819341659
0.0,0.1092436984181404
0.0,0.5869890451431274
0.0,0.2819545269012451
0.0,0.1143720895051956
0.0,0.3868630826473236
0.0,0.696508526802063
0.0,0.156602993607521
0.0,0.2807817459106445
0.0,0.793159008026123
0.0,0.3164444863796234
0.0,0.3557416498661041
0.0,0.2432003617286682
0.0,0.3269809186458587
0.0,0.1818141937255859
0.0,0.0604330450296402
0.0,0.0406007431447505
0.0,0.4290029406547546
0.0,0.1866415292024612
0.0,0.1308313757181167
0.0,0.088628277182579
0.0,0.1325122863054275
0.0,0.4592328369617462
0.0,0.2012795209884643
0.0,0.1787716597318649
0.0,0.0493539981544017
0.0,0.0686734616756439
0.0,0.5274123549461365
0.0,0.2491632848978042
0.0,0.3209057748317718
0.0,0.2080986946821212
0.0,0.4282853305339813
0.0,0.2589114010334015
0.0,0.7904751896858215
0.0,0.1186502873897552
0.0,0.1850783079862594
0.0,0.315100759267807
0.0,0.2906109988689422
0.0,0.1090628877282142
0.0,0.4041159451007843
0.0,0.6173831224441528
0.0,0.4971947371959686
1.0,0.2699271738529205
1.0,0.6438505053520203
1.0,0.1700426042079925
1.0,0.336676150560379
1.0,0.3315635025501251
1.0,0.4364846646785736
1.0,0.4362486600875854
1.0,0.2460195571184158
1.0,0.4094796478748321
1.0,0.7725967764854431
1.0,0.5199272632598877
1.0,0.3687719404697418
1.0,0.7446345686912537
1.0,0.1868371367454528
1.0,0.1723713874816894
1.0,0.5688680410385132
1.0,0.7794654369354248
1.0,0.637890636920929
1.0,0.4207441806793213
1.0,0.3317567408084869
1.0,0.6598549485206604
1.0,0.2863576412200928
1.0,0.6038101315498352
1.0,0.4742957055568695
1.0,0.4562815725803375
1.0,0.36809241771698
1.0,0.6754636168479919
1.0,0.2653865218162536
1.0,0.3853655755519867
1.0,0.3476163744926452
1.0,0.8179247379302979
1.0,0.4056442379951477
1.0,0.2762296497821808
1.0,0.4204920828342438
1.0,0.6644887924194336
1.0,0.0737171620130539
1.0,0.5226414203643799
1.0,0.5368510484695435
1.0,0.1980019658803939
1.0,0.4191959500312805
1.0,0.5975829362869263
1.0,0.2043410539627075
1.0,0.1873450577259063
1.0,0.4636463224887848
1.0,0.2903321981430053
1.0,0.7675895094871521
1.0,0.4781899452209472
1.0,0.6370651125907898
1.0,0.4495716691017151
1.0,0.6345254182815552
1.0,0.0187664236873388
1.0,0.5485425591468811
1.0,0.3125081062316894
1.0,0.8478294014930725
1.0,0.1029653623700141
1.0,0.1623325943946838
1.0,0.2161526978015899
1.0,0.7547196745872498
1.0,0.3335281610488891
1.0,0.4046629667282104
1.0,0.5060930848121643
1.0,0.2757808268070221
1.0,7.190623096953175e-11
1.0,0.7471060156822205
1.0,0.3497351706027984
1.0,0.4392166435718536
1.0,0.3205800652503967
1.0,0.8118923902511597
1.0,0.2684019804000854
1.0,0.315885066986084
1.0,0.7223992943763733
1.0,0.2727857828140259
1.0,0.2588687539100647
1.0,0.1475379168987274
1.0,0.710344672203064
1.0,0.475543349981308
1.0,0.7158194780349731
1.0,0.5248842239379883
1.0,0.3478343188762665
1.0,0.3214546740055084
1.0,0.7646088004112244
1.0,0.2989115417003631
1.0,0.5342777371406555
1.0,0.5045695900917053
1.0,0.3716996014118194
1.0,0.3058186769485473
1.0,0.3403867483139038
1.0,0.098431795835495
1.0,0.7124758362770081
1.0,0.3211076557636261
1.0,0.2638860642910003
1.0,0.788862407207489
1.0,0.6390392184257507
1.0,0.4167855978012085
1.0,0.4958973526954651
1.0,0.340252012014389
1.0,0.6102172136306763
1.0,0.1137786582112312
1.0,0.5256906747817993
1.0,0.3229483664035797
2.0,0.6938478350639343
2.0,0.7962559461593628
2.0,0.7596683502197266
2.0,0.5164772272109985
2.0,0.2522295713424682
2.0,0.7564316391944885
2.0,0.1614510267972946
2.0,0.8561277985572815
2.0,0.6256950497627258
2.0,0.5502960681915283
2.0,0.0307761114090681
2.0,0.4874500036239624
2.0,0.4410081505775451
2.0,0.5637840628623962
2.0,0.3426047563552856
2.0,0.4518559873104095
2.0,0.6445825099945068
2.0,0.5287275910377502
2.0,0.6948229074478149
2.0,0.5931580662727356
2.0,0.4765579104423523
2.0,0.8134531378746033
2.0,0.4877288043498993
2.0,0.7457242608070374
2.0,0.3093689084053039
2.0,0.6344566345214844
2.0,0.217802956700325
2.0,0.5079793334007263
2.0,0.5940176248550415
2.0,0.7537444829940796
2.0,0.4810719490051269
2.0,0.5947539806365967
2.0,0.2093352973461151
2.0,0.3240795433521271
2.0,0.4347527325153351
2.0,0.2729970216751098
2.0,0.7801060676574707
2.0,0.8219614028930664
2.0,0.2074014991521835
2.0,0.4615335464477539
2.0,0.7334021329879761
2.0,0.3296245336532593
2.0,0.4319306910037994
2.0,0.8775555491447449
2.0,0.5393474102020264
2.0,0.699264645576477
2.0,0.3843460977077484
2.0,0.5821204781532288
2.0,0.2727939784526825
2.0,0.4607271254062652
2.0,0.6443418264389038
2.0,0.6535704135894775
2.0,0.7954524755477905
2.0,0.618228554725647
2.0,0.7932615280151367
2.0,0.5659575462341309
2.0,0.7331822514533997
2.0,0.5968521237373352
2.0,0.5566684007644653
2.0,0.74715256690979
2.0,0.2137673646211624
2.0,0.3925102055072784
2.0,0.7464442849159241
2.0,0.5135189890861511
2.0,0.8598218560218811
2.0,0.5935551524162292
2.0,0.6738960146903992
2.0,0.7942765355110168
2.0,0.5256322622299194
2.0,0.1620596051216125
2.0,0.8446119427680969
2.0,0.6114175915718079
2.0,0.3756763935089111
2.0,0.3027951717376709
2.0,0.462895929813385
2.0,0.5259599685668945
2.0,0.5945625305175781
2.0,0.5666677951812744
2.0,0.4040839374065399
2.0,0.4727708101272583
2.0,0.3323327600955963
2.0,0.4898768365383148
2.0,0.7782434225082397
2.0,0.3967612981796264
2.0,0.3690808117389679
2.0,0.483157068490982
2.0,0.0028561227954924
2.0,0.3081668019294739
2.0,0.4760066568851471
2.0,0.1922021210193634
2.0,0.33435919880867
2.0,4.0485828578518124e-10
2.0,0.5277777910232544
2.0,0.672116756439209
2.0,0.7283284068107605
2.0,0.3049271702766418
2.0,0.5499849319458008
2.0,0.4664792716503143
2.0,0.7993296384811401
2.0,0.6517106890678406
3.0,0.6557906866073608
3.0,0.4023126363754272
3.0,0.6601324081420898
3.0,0.6011086106300354
3.0,0.7853556871414185
3.0,0.72364741563797
3.0,0.7757379412651062
3.0,0.6443819999694824
3.0,0.7098706364631653
3.0,0.2949998676776886
3.0,0.8136885762214661
3.0,0.8664712309837341
3.0,0.5867927670478821
3.0,0.6906095743179321
3.0,0.5333725810050964
3.0,0.1827892661094665
3.0,0.8709501624107361
3.0,0.0615347102284431
3.0,0.8246433734893799
3.0,0.4866067469120025
3.0,0.8800229430198669
3.0,0.8417266011238098
3.0,0.5630044341087341
3.0,0.6558777689933777
3.0,0.4261667430400848
3.0,0.6328173875808716
3.0,0.7016621232032776
3.0,0.6338282227516174
3.0,0.7733333110809326
3.0,0.8141690492630005
3.0,0.6126846671104431
3.0,0.4275087416172027
3.0,0.8629950881004333
3.0,0.6766453981399536
3.0,0.5087441205978394
3.0,0.0025857689324766
3.0,0.7861196398735046
3.0,0.3765501081943512
3.0,0.792249321937561
3.0,0.4236741960048675
3.0,0.7290071845054626
3.0,0.4102198779582977
3.0,0.8100326061248779
3.0,0.4539673924446106
3.0,0.8577353954315186
3.0,0.6141758561134338
3.0,0.7036882638931274
3.0,0.4484044015407562
3.0,0.7706801891326904
3.0,0.6606659293174744
3.0,0.6535336971282959
3.0,0.7311659455299377
3.0,0.5442583560943604
3.0,0.7338607311248779
3.0,0.8083809018135071
3.0,0.3680779337882995
3.0,0.4757353067398071
3.0,0.5540742874145508
3.0,0.6736441254615784
3.0,0.5612329840660095
3.0,4.1425021746199775e-10
3.0,0.7218520045280457
3.0,0.7551939487457275
3.0,0.6256055235862732
3.0,0.5204083323478699
3.0,0.3528048098087311
3.0,0.5145146250724792
3.0,0.8159198760986328
3.0,0.6097491979598999
3.0,0.7168018817901611
3.0,0.2590397596359253
3.0,0.5695247650146484
3.0,0.2758634090423584
3.0,0.4696832597255707
3.0,0.8119622468948364
3.0,0.5065976977348328
3.0,0.5789908170700073
3.0,0.5603497624397278
3.0,0.507373034954071
3.0,0.8646152019500732
3.0,0.55266934633255
3.0,0.6889743804931641
3.0,0.6265870928764343
3.0,0.3136694431304931
3.0,0.7887775301933289
3.0,0.5323095321655273
3.0,0.4530061185359955
3.0,0.5740784406661987
3.0,0.1613179743289947
3.0,0.7336820363998413
3.0,0.7873535752296448
3.0,0.7512362003326416
3.0,0.6000545620918274
3.0,0.4616835713386535
3.0,0.6212372183799744
3.0,0.5238342881202698
3.0,0.3678648471832275
3.0,0.3442546129226684
3.0,0.7641674280166626
3.0,0.4835774004459381
4.0,0.767932116985321
4.0,0.5419173240661621
4.0,0.5508468151092529
4.0,0.8041597008705139
4.0,0.4776156544685364
4.0,0.1564916670322418
4.0,0.653374433517456
4.0,0.5993807315826416
4.0,0.8075830936431885
4.0,0.8200227618217468
4.0,0.7154396176338196
4.0,0.4774989783763885
4.0,0.439163863658905
4.0,0.7592108845710754
4.0,0.3980048894882202
4.0,0.7450799345970154
4.0,0.7523240447044373
4.0,4.1425021746199775e-10
4.0,0.7327334880828857
4.0,0.6865803599357605
4.0,0.50267094373703
4.0,0.5630611777305603
4.0,0.605352520942688
4.0,0.5687687397003174
4.0,0.5459367036819458
4.0,0.6348801255226135
4.0,0.7676231861114502
4.0,0.8049544095993042
4.0,0.7968025803565979
4.0,0.8125623464584351
4.0,0.7367595434188843
4.0,0.358308732509613
4.0,0.7375063300132751
4.0,0.6038051843643188
4.0,0.5920572280883789
4.0,0.8494804501533508
4.0,0.8639540076255798
4.0,0.3113186657428741
4.0,0.4410293400287628
4.0,0.8842083811759949
4.0,0.3630037307739258
4.0,0.8659453392028809
4.0,0.7240762114524841
4.0,0.2360441237688064
4.0,0.671688437461853
4.0,0.7360156774520874
4.0,0.7183438539505005
4.0,0.6150343418121338
4.0,0.5154849290847778
4.0,0.74678635597229
4.0,0.6420754194259644
4.0,0.6616665124893188
4.0,0.1758959293365478
4.0,0.7963942289352417
4.0,0.5025006532669067
4.0,0.4324477910995483
4.0,0.8308354020118713
4.0,0.6989164352416992
4.0,0.5517370104789734
4.0,0.6878504753112793
4.0,0.6915624141693115
4.0,0.5705434679985046
4.0,0.8720688223838806
4.0,0.1860389113426208
4.0,0.7251952886581421
4.0,0.6161472201347351
4.0,0.5355401635169983
4.0,0.7411147356033325
4.0,0.3314764201641083
4.0,0.782608687877655
4.0,0.7205101251602173
4.0,0.744761049747467
4.0,0.8626132011413574
4.0,0.8935407400131226
4.0,0.5922250747680664
4.0,0.0478145517408847
4.0,0.6862521171569824
4.0,0.7883225083351135
4.0,0.7885315418243408
4.0,0.5492337942123413
4.0,0.4671922028064728
4.0,0.8220685720443726
4.0,0.8454924821853638
4.0,0.7919602990150452
4.0,0.8583658337593079
4.0,0.8117253184318542
4.0,0.6631813645362854
4.0,0.6302608251571655
4.0,0.707733154296875
4.0,0.532132089138031
4.0,0.6465452313423157
4.0,0.4360052049160003
4.0,0.2609643638134002
4.0,0.4823489487171173
4.0,0.4130050837993622
4.0,0.7327229380607605
4.0,0.8290765285491943
4.0,0.5447435975074768
4.0,0.7121420502662659
4.0,0.7258239388465881
0.0,0.3580462634563446
0.0,0.3893165290355682
0.0,0.7504464983940125
0.0,0.5705453157424927
0.0,0.0784360244870185
0.0,0.6165255308151245
0.0,0.4403734505176544
0.0,0.2193845063447952
0.0,0.8054971098899841
0.0,0.5296704173088074
0.0,0.0111838318407535
0.0,0.5103361010551453
0.0,0.1423493325710296
0.0,0.3463115692138672
0.0,0.1842743754386901
0.0,0.1931170970201492
0.0,0.5407767295837402
0.0,0.2410972863435745
0.0,0.3540475368499756
0.0,0.7898934483528137
0.0,0.5783814787864685
0.0,0.0758268907666206
0.0,0.4086706340312958
0.0,0.6068924069404602
0.0,0.7054872512817383
0.0,0.4911438822746277
0.0,0.1623913198709488
0.0,0.1898920685052871
0.0,0.3998898863792419
0.0,0.238125592470169
0.0,0.5691341757774353
0.0,0.3219823837280273
0.0,0.2110400795936584
0.0,0.106232613325119
0.0,0.3561877012252807
0.0,0.292561799287796
0.0,0.2171666771173477
0.0,0.5674522519111633
0.0,0.2303839176893234
0.0,0.14326873421669
0.0,0.2856122851371765
0.0,0.1233094036579132
0.0,0.4933270215988159
0.0,0.2758879661560058
0.0,0.5569130182266235
0.0,0.3927758634090423
0.0,0.2243544161319732
0.0,0.8363044261932373
0.0,0.8194339871406555
0.0,0.2877345085144043
0.0,0.1755143702030182
0.0,0.1329713612794876
0.0,0.1118216291069984
0.0,0.0903491154313087
0.0,0.4534798860549927
0.0,0.1351593136787414
0.0,0.3424701988697052
0.0,0.6813940405845642
0.0,0.1279171407222747
0.0,0.482327789068222
0.0,0.2054079473018646
0.0,0.4199694991111755
0.0,0.221010684967041
0.0,0.0387104228138923
0.0,0.431717187166214
0.0,0.2897579669952392
0.0,0.4164885878562927
0.0,0.171495109796524
0.0,0.2311736047267913
0.0,0.3091200292110443
0.0,0.7314518094062805
0.0,0.3748027384281158
0.0,0.3450846970081329
0.0,0.2997400760650635
0.0,0.1414333432912826
0.0,0.5619359612464905
0.0,8.103070991971606e-11
0.0,0.2334920912981033
0.0,0.6093910336494446
0.0,0.3763836324214935
0.0,0.2107646316289901
0.0,0.3166863024234772
0.0,0.1667158305644989
0.0,0.4019652307033539
0.0,0.2878613471984863
0.0,0.2436809688806533
0.0,0.1705088913440704
0.0,0.0571289137005806
0.0,0.8842582702636719
0.0,0.3256948292255401
0.0,0.6329641938209534
0.0,0.5181496143341064
0.0,0.1129099428653717
0.0,0.3766174614429474
0.0,0.3126134574413299
0.0,0.3432590067386627
0.0,0.4253969192504883
0.0,0.396077960729599
0.0,0.3069674968719482
0.0,0.7272362112998962
1.0,0.3852216005325317
1.0,0.4230808317661285
1.0,0.3384794294834137
1.0,0.3919588029384613
1.0,0.7473745942115784
1.0,0.4774692356586456
1.0,0.6294414401054382
1.0,0.8590841293334961
1.0,0.5137975215911865
1.0,0.230968028306961
1.0,0.5755016803741455
1.0,0.1607738733291626
1.0,0.4553669989109039
1.0,0.6540540456771851
1.0,0.2743005454540252
1.0,0.2875955700874328
1.0,0.8050649166107178
1.0,0.4351469278335571
1.0,0.1877188682556152
1.0,0.3846278488636017
1.0,0.214890569448471
1.0,0.3548145294189453
1.0,0.419880598783493
1.0,0.1507471650838852
1.0,0.6922814846038818
1.0,0.193932294845581
1.0,0.2950948774814605
1.0,0.8314535617828369
1.0,0.1024720966815948
1.0,0.5191068053245544
1.0,0.7910668849945068
1.0,0.4145552515983581
1.0,0.4762181639671325
1.0,0.725713849067688
1.0,0.397525429725647
1.0,0.8162007331848145
1.0,0.7136050462722778
1.0,0.2409134358167648
1.0,0.482276976108551
1.0,0.7179887890815735
1.0,0.33900848031044
1.0,0.311345636844635
1.0,0.3846496045589447
1.0,0.5667004585266113
1.0,0.1246755868196487
1.0,0.6439765691757202
1.0,0.6610631346702576
1.0,0.4218104183673858
1.0,0.2321873307228088
1.0,0.5333784222602844
1.0,0.3414836227893829
1.0,0.7991427779197693
1.0,0.1636946499347686
1.0,0.2554002106189728
1.0,0.6711711883544922
1.0,0.2072340548038482
1.0,0.3646653294563293
1.0,0.3173567056655884
1.0,0.3028789758682251
1.0,0.7057393789291382
1.0,0.7326628565788269
1.0,0.5715712308883667
1.0,0.4307195842266083
1.0,0.7240089774131775
1.0,0.6292135119438171
1.0,0.5483394265174866
1.0,0.4893145561218261
1.0,0.2909186780452728
1.0,0.4075838625431061
1.0,0.7294709086418152
1.0,0.250202476978302
1.0,0.5276925563812256
1.0,0.5001742839813232
1.0,0.3801923096179962
1.0,1.7173278077375898e-10
1.0,0.4823866188526153
1.0,0.3116394877433777
1.0,0.6314215064048767
1.0,0.4229804277420044
1.0,0.5836553573608398
1.0,0.4142862856388092
1.0,0.2865955531597137
1.0,0.3775041103363037
1.0,0.7338016033172607
1.0,0.2242026925086975
1.0,0.4420644342899322
1.0,0.1597401797771453
1.0,0.3996638357639313
1.0,0.7004128694534302
1.0,0.7564759254455566
1.0,0.451210469007492
1.0,0.3691084086894989
1.0,0.0231286287307739
1.0,0.5606728196144104
1.0,0.5512437224388123
1.0,0.6414647102355957
1.0,0.0689117461442947
1.0,0.1667052060365677
1.0,0.8735539317131042
1.0,0.2266295701265335
2.0,0.5339177250862122
2.0,0.5679022669792175
2.0,0.2615157663822174
2.0,0.6255542039871216
2.0,0.4838452637195587
2.0,0.3415635526180267
2.0,0.7038885354995728
2.0,0.8083773851394653
2.0,0.617725133895874
2.0,0.523461639881134
2.0,0.5887629389762878
2.0,0.6433209180831909
2.0,0.6596378684043884
2.0,0.8387444019317627
2.0,0.7674742937088013
2.0,0.3364314436912536
2.0,0.547991931438446
2.0,0.8496142625808716
2.0,0.3486765623092651
2.0,0.5206122398376465
2.0,0.8160106539726257
2.0,0.6736447215080261
2.0,0.6950298547744751
2.0,0.7231743931770325
2.0,0.5097658634185791
2.0,0.2351171821355819
2.0,0.7234197854995728
2.0,0.5238664150238037
2.0,0.3656689822673797
2.0,0.5453997850418091
2.0,0.2803570926189422
2.0,0.6521100401878357
2.0,0.5305289626121521
2.0,0.5456886291503906
2.0,0.1750459969043731
2.0,0.4786689579486847
2.0,0.548833429813385
2.0,0.2654628455638885
2.0,0.3515269458293915
2.0,0.8742873668670654
2.0,0.5444338917732239
2.0,0.8332745432853699
2.0,0.8280845284461975
2.0,0.4100610911846161
2.0,0.5400782227516174
2.0,0.4647822678089142
2.0,3.702332537769415e-11
2.0,0.6035403609275818
2.0,0.4127245247364044
2.0,0.4506211578845978
2.0,0.4932800829410553
2.0,0.5597636699676514
2.0,0.3427918255329132
2.0,0.7517212629318237
2.0,0.7740994691848755
2.0,0.748340904712677
2.0,0.5775160193443298
2.0,0.781869649887085
2.0,0.6651140451431274
2.0,0.6010017395019531
2.0,0.4596418440341949
2.0,0.7607401013374329
2.0,0.7097043991088867
2.0,0.7389333248138428
2.0,0.4205857217311859
2.0,0.267406016588211
2.0,0.5440430641174316
2.0,0.5851085186004639
2.0,0.0111510790884494
2.0,0.4161050915718078
2.0,0.3375005424022674
2.0,0.4138639867305755
2.0,0.4716300964355469
2.0,0.4603944718837738
2.0,0.7242372632026672
2.0,0.7172300219535828
2.0,0.8786495923995972
2.0,0.4323943257331848
2.0,0.7951378226280212
2.0,0.7960374355316162
2.0,0.7924816608428955
2.0,0.185397058725357
2.0,0.6694150567054749
2.0,0.3314459919929504
2.0,0.6481472253799438
2.0,0.507502019405365
2.0,0.4702950716018677
2.0,0.5842669010162354
2.0,0.55995112657547
2.0,0.4743300676345825
2.0,0.5319663286209106
2.0,0.5154778361320496
2.0,0.6918492913246155
2.0,0.3488520979881286
2.0,0.3174541890621185
2.0,0.2000359147787094
2.0,4.1425021746199775e-10
2.0,0.4996702969074249
2.0,0.6578331589698792
2.0,0.7542375922203064
3.0,0.4235424995422363
3.0,4.5148766669722556e-11
3.0,0.8573459386825562
3.0,0.3728542923927307
3.0,0.7874293327331543
3.0,0.835881233215332
3.0,0.5871767997741699
3.0,0.6664615869522095
3.0,0.8994622230529785
3.0,0.6454048752784729
3.0,0.6718231439590454
3.0,0.1789310425519943
3.0,0.6080620884895325
3.0,0.6236920952796936
3.0,0.4371718168258667
3.0,0.5155945420265198
3.0,0.4582054018974304
3.0,0.596737802028656
3.0,0.6544045805931091
3.0,0.7901842594146729
3.0,0.399968147277832
3.0,0.7217068672180176
3.0,0.3481347262859344
3.0,0.5893579721450806
3.0,0.6698225140571594
3.0,0.3029087483882904
3.0,0.1950785517692566
3.0,0.7583087086677551
3.0,0.2604715824127197
3.0,0.8705021739006042
3.0,0.702251672744751
3.0,0.758723258972168
3.0,0.464809387922287
3.0,0.6009454131126404
3.0,0.4611587822437286
3.0,0.5421949028968811
3.0,0.5744097232818604
3.0,0.7143698334693909
3.0,0.6151301860809326
3.0,0.5207546949386597
3.0,0.3044874966144562
3.0,0.404950201511383
3.0,0.6970326900482178
3.0,0.6045331954956055
3.0,0.74949049949646
3.0,0.5288026332855225
3.0,0.7721206545829773
3.0,0.2472907751798629
3.0,0.5557697415351868
3.0,0.7166497707366943
3.0,0.5016612410545349
3.0,0.7024347186088562
3.0,0.7990971803665161
3.0,0.5593074560165405
3.0,0.4804917573928833
3.0,0.7370540499687195
3.0,0.087890401482582
3.0,0.4744148850440979
3.0,0.6532244682312012
3.0,0.239985316991806
3.0,0.6922729015350342
3.0,0.7598947286605835
3.0,0.7447314262390137
3.0,0.4278582036495209
3.0,0.7655109167098999
3.0,0.595643162727356
3.0,0.4869672656059265
3.0,0.6786748170852661
3.0,0.553056538105011
3.0,0.3521365225315094
3.0,0.8463605642318726
3.0,0.7577100396156311
3.0,0.7577463388442993
3.0,4.1425021746199775e-10
3.0,0.803866982460022
3.0,0.8503801822662354
3.0,0.7134819626808167
3.0,0.441337376832962
3.0,0.6400482058525085
3.0,0.8137612342834473
3.0,0.5861989259719849
3.0,0.404500812292099
3.0,0.6801892518997192
3.0,0.7492990493774414
3.0,0.7054392099380493
3.0,0.4278887212276459
3.0,0.8158907294273376
3.0,0.8593958616256714
3.0,0.6150413155555725
3.0,0.1707266420125961
3.0,0.8129186630249023
3.0,0.5957590937614441
3.0,0.5803536176681519
3.0,0.7751409411430359
3.0,0.8395306468009949
3.0,0.6999779343605042
3.0,0.4175021350383758
3.0,0.4334265291690826
3.0,0.5486387014389038
3.0,0.6041121482849121
4.0,0.5055144429206848
4.0,0.8048607110977173
4.0,0.4565730988979339
4.0,0.8648974895477295
4.0,0.6783685088157654
4.0,0.3803964555263519
4.0,0.633576512336731
4.0,0.6823595762252808
4.0,0.0206275098025798
4.0,0.4976645112037658
4.0,0.6751682758331299
4.0,0.7388666272163391
4.0,0.4455503523349762
4.0,0.5570135116577148
4.0,0.6063193082809448
4.0,0.6990664601325989
4.0,0.7504583597183228
4.0,0.6091380715370178
4.0,0.8321019411087036
4.0,0.5062917470932007
4.0,0.7474424839019775
4.0,0.4921035468578338
4.0,0.7762995362281799
4.0,0.7668525576591492
4.0,0.4828228056430816
4.0,0.7784256339073181
4.0,0.4373332858085632
4.0,0.5578604936599731
4.0,0.4565748572349548
4.0,0.4462957382202148
4.0,0.3136389851570129
4.0,0.5799713730812073
4.0,0.7880821228027344
4.0,0.7760305404663086
4.0,0.7276434898376465
4.0,0.7264646291732788
4.0,0.7987459897994995
4.0,0.509976327419281
4.0,0.7176285982131958
4.0,4.1425021746199775e-10
4.0,0.350945234298706
4.0,0.698247492313385
4.0,0.6147650480270386
4.0,0.2941501140594482
4.0,0.6030941605567932
4.0,0.1139545366168022
4.0,0.6086006164550781
4.0,0.7296628952026367
4.0,0.7239946722984314
4.0,0.3525677621364593
4.0,0.6557179689407349
4.0,0.8398681879043579
4.0,0.7623816728591919
4.0,0.19085593521595
4.0,0.6351611614227295
4.0,0.8382244110107422
4.0,0.4631208181381225
4.0,0.594600260257721
4.0,0.1713887304067611
4.0,0.883728563785553
4.0,0.6051218509674072
4.0,0.7481390237808228
4.0,0.8374177813529968
4.0,0.7385677099227905
4.0,0.8299528956413269
4.0,0.6658930778503418
4.0,0.3769111335277557
4.0,0.7658005356788635
4.0,0.7800825238227844
4.0,0.6397878527641296
4.0,0.7138708829879761
4.0,0.8844248652458191
4.0,0.6663249135017395
4.0,0.6336542963981628
4.0,0.6876766085624695
4.0,0.6550381183624268
4.0,0.8577058911323547
4.0,0.6033496856689453
4.0,0.726114809513092
4.0,0.7069687843322754
4.0,0.8293960690498352
4.0,0.6807875037193298
4.0,0.7250226736068726
4.0,0.6266224384307861
4.0,0.6031469702720642
4.0,0.839233934879303
4.0,0.697526216506958
4.0,0.4620266556739807
4.0,0.6933385729789734
4.0,0.4899653196334839
4.0,0.5881478190422058
4.0,0.5768322944641113
4.0,0.2390436828136444
4.0,0.588976263999939
4.0,0.5144103765487671
4.0,0.6717413067817688
4.0,0.6825467944145203
4.0,0.6096487045288086
4.0,0.7745856642723083
4.0,0.4632551968097687
5.0,0.3217266499996185
5.0,0.834100067615509
5.0,0.744450032711029
5.0,0.7850391864776611
5.0,0.4949178397655487
5.0,0.8890098929405212
5.0,0.5886400938034058
5.0,0.1934883445501327
5.0,0.7792912721633911
5.0,0.7186577916145325
5.0,0.5817068219184875
5.0,0.7836356163024902
5.0,0.7590762972831726
5.0,0.5724649429321289
5.0,0.6564337611198425
5.0,0.1757571846246719
5.0,0.3663337528705597
5.0,0.6686167120933533
5.0,0.6292052865028381
5.0,0.835762619972229
5.0,0.8395262360572815
5.0,0.7141445279121399
5.0,0.7704393863677979
5.0,0.7745985388755798
5.0,0.7674912810325623
5.0,0.7136991620063782
5.0,0.7987728714942932
5.0,0.8948032855987549
5.0,0.7626335024833679
5.0,0.3568695485591888
5.0,0.7446576952934265
5.0,0.867152988910675
5.0,0.8851202130317688
5.0,0.489375352859497
5.0,0.7524855136871338
5.0,0.8388712406158447
5.0,0.7099823951721191
5.0,0.6913524866104126
5.0,0.6782435178756714
5.0,0.6323707103729248
5.0,0.8491945862770081
5.0,0.705971360206604
5.0,0.7113369703292847
5.0,0.5566570162773132
5.0,0.3697520792484283
5.0,0.6753330230712891
5.0,0.868596076965332
5.0,0.8286116123199463
5.0,0.6854708790779114
5.0,0.5168374180793762
5.0,0.8539838790893555
5.0,0.8438223004341125
5.0,0.4558855891227722
5.0,0.174255296587944
5.0,0.7076816558837891
5.0,0.8045086860656738
5.0,0.6409979462623596
5.0,0.4566527605056762
5.0,0.8759813904762268
5.0,0.6703404784202576
5.0,0.7643699049949646
5.0,0.4091777205467224
5.0,0.6260051131248474
5.0,0.7897003293037415
5.0,0.4319218099117279
5.0,0.7425492405891418
5.0,0.7324209809303284
5.0,0.5302481055259705
5.0,0.8945719599723816
5.0,0.5007926821708679
5.0,0.5348220467567444
5.0,0.7819424867630005
5.0,0.8702521324157715
5.0,0.8327155709266663
5.0,0.6723911762237549
5.0,0.8214228749275208
5.0,0.8465034365653992
5.0,0.8358315229415894
5.0,0.8094383478164673
5.0,0.6812185049057007
5.0,0.7190307378768921
5.0,0.7018277645111084
5.0,0.7942569851875305
5.0,0.1208107247948646
5.0,0.6712363362312317
5.0,0.738735020160675
5.0,0.4197652041912079
5.0,4.1425021746199775e-10
5.0,0.051061525940895
5.0,0.7959861159324646
5.0,0.2852095663547516
5.0,0.8946427702903748
5.0,0.7846677303314209
5.0,0.597902238368988
5.0,0.7494145035743713
5.0,0.7018023729324341
5.0,0.5671795606613159
5.0,0.5211806893348694
5.0,0.7743945717811584
5.0,0.4644368290901184
6.0,0.8011284470558167
6.0,0.0805455818772316
6.0,0.8777811527252197
6.0,0.8633036613464355
6.0,0.6724121570587158
6.0,0.2713021039962768
6.0,0.7529716491699219
6.0,0.5736834406852722
6.0,0.3712088167667389
6.0,0.8389946222305298
6.0,0.8782545924186707
6.0,0.7259939312934875
6.0,0.8142495155334473
6.0,0.5724624395370483
6.0,0.8191449642181396
6.0,0.7010799050331116
6.0,0.5413927435874939
6.0,0.8992902636528015
6.0,0.6857701539993286
6.0,0.9370965957641602
6.0,0.7082288861274719
6.0,0.750455379486084
6.0,0.8910959959030151
6.0,0.7530444860458374
6.0,0.6553288102149963
6.0,0.6364497542381287
6.0,0.5253598093986511
6.0,0.8547547459602356
6.0,0.7934617400169373
6.0,0.7390904426574707
6.0,0.5641552805900574
6.0,0.9030041694641112
6.0,0.8271453380584717
6.0,0.8302212953567505
6.0,0.779683530330658
6.0,0.6406069397926331
6.0,0.8564695715904236
6.0,0.9070733189582824
6.0,0.80050128698349
6.0,0.8601794838905334
6.0,0.8304823040962219
6.0,0.7357566356658936
6.0,0.7172552347183228
6.0,0.5434619188308716
6.0,0.7290512919425964
6.0,0.8709701299667358
6.0,0.4856434762477875
6.0,0.8765822649002075
6.0,0.7516058087348938
6.0,0.2138953208923339
6.0,0.809837281703949
6.0,0.8802415132522583
6.0,0.7852425575256348
6.0,0.7309152483940125
6.0,0.8213801383972168
6.0,0.7975518107414246
6.0,0.6701963543891907
6.0,0.8186695575714111
6.0,0.600291907787323
6.0,0.4072335362434387
6.0,0.8744831681251526
6.0,0.6094722151756287
6.0,0.8569104075431824
6.0,0.2069876939058303
6.0,0.7234873175621033
6.0,0.901447892189026
6.0,0.7887873649597168
6.0,0.8755199313163757
6.0,0.5374839901924133
6.0,0.8281294107437134
6.0,0.6147382259368896
6.0,0.6843344569206238
6.0,0.7393518090248108
6.0,0.7778228521347046
6.0,0.7639843225479126
6.0,0.7564187049865723
6.0,0.5733557939529419
6.0,4.1425021746199775e-10
6.0,0.7506247162818909
6.0,0.7874549031257629
6.0,0.7380277514457703
6.0,0.703920304775238
6.0,0.8448365330696106
6.0,0.7439600825309753
6.0,0.8034462928771973
6.0,0.6745263338088989
6.0,0.8184660077095032
6.0,0.8474088311195374
6.0,0.8806512951850891
6.0,0.7367138266563416
6.0,0.7440376877784729
6.0,0.7914686799049377
6.0,0.6336294412612915
6.0,0.8847832679748535
6.0,0.595322847366333
6.0,0.613049328327179
6.0,0.3804621398448944
6.0,0.8170556426048279
6.0,0.8821005821228027
6.0,0.8892639875411987
7.0,0.7713248133659363
7.0,0.6891332268714905
7.0,0.5741036534309387
7.0,0.7834163308143616
7.0,0.7655580043792725
7.0,0.7349427342414856
7.0,0.530154287815094
7.0,0.6989129781723022
7.0,0.6451195478439331
7.0,0.632189929485321
7.0,0.8165849447250366
7.0,0.7829558849334717
7.0,0.2084937095642089
7.0,0.7537751197814941
7.0,0.742525577545166
7.0,0.7820909023284912
7.0,0.8193079233169556
7.0,0.836011528968811
7.0,0.5043075084686279
7.0,0.5682135224342346
7.0,0.8994247317314148
7.0,0.8768511414527893
7.0,0.809828519821167
7.0,0.797336220741272
7.0,0.5883204936981201
7.0,0.8414284586906433
7.0,0.8116132020950317
7.0,0.8152082562446594
7.0,0.8508857488632202
7.0,0.4340909123420715
7.0,0.8230534791946411
7.0,0.8931974172592163
7.0,0.7485411763191223
7.0,0.8693561553955078
7.0,0.9040433764457704
7.0,0.7280073761940002
7.0,0.8682884573936462
7.0,0.8636242151260376
7.0,0.9088996648788452
7.0,0.7103554606437683
7.0,0.8005993366241455
7.0,0.6797760128974915
7.0,0.4254562258720398
7.0,0.76484215259552
7.0,0.1983273327350616
7.0,0.6917029023170471
7.0,0.822943389415741
7.0,0.5298850536346436
7.0,0.7029985785484314
7.0,0.6873941421508789
7.0,0.8987126350402832
7.0,4.1425021746199775e-10
7.0,0.5260816812515259
7.0,0.5528708696365356
7.0,0.7569296956062317
7.0,0.2016089558601379
7.0,0.5492338538169861
7.0,0.9180439114570618
7.0,0.8691977858543396
7.0,0.6073902249336243
7.0,0.7224486470222473
7.0,0.6991710662841797
7.0,0.8196178674697876
7.0,0.7491371035575867
7.0,0.640392541885376
7.0,0.4985034763813019
7.0,0.5255255699157715
7.0,0.4563752114772796
7.0,0.8520692586898804
7.0,0.3546294271945953
7.0,0.7582950592041016
7.0,0.7497546672821045
7.0,0.8002023696899414
7.0,0.6468027830123901
7.0,0.7596771121025085
7.0,0.8189507722854614
7.0,0.7338747978210449
7.0,0.5340253114700317
7.0,0.7624028921127319
7.0,0.6674420237541199
7.0,0.8576613068580627
7.0,0.7633612751960754
7.0,0.6090165972709656
7.0,0.8611062169075012
7.0,0.8104994893074036
7.0,0.8584210276603699
7.0,0.8105906248092651
7.0,0.5454264879226685
7.0,0.0452174991369247
7.0,0.8366047143936157
7.0,0.8013437390327454
7.0,0.7152596116065979
7.0,0.7643575668334961
7.0,0.8826237320899963
7.0,0.743800699710846
7.0,0.7579871416091919
7.0,0.7258825898170471
7.0,0.8498998284339905
7.0,0.6648102402687073
7.0,0.9011396169662476
8.0,0.8434920310974121
8.0,0.761719286441803
8.0,0.8877608180046082
8.0,0.1986542046070099
8.0,0.593669056892395
8.0,0.7672966718673706
8.0,0.8906902074813843
8.0,0.7898645997047424
8.0,0.7237322330474854
8.0,0.863864004611969
8.0,0.7067066431045532
8.0,0.787547767162323
8.0,0.8117595314979553
8.0,0.743323028087616
8.0,0.7689123749732971
8.0,0.6975060105323792
8.0,0.8825827240943909
8.0,0.6209458112716675
8.0,0.8704133033752441
8.0,0.8587735891342163
8.0,0.8303151726722717
8.0,0.5601784586906433
8.0,0.8775966763496399
8.0,0.7083999514579773
8.0,0.850987434387207
8.0,0.5214118957519531
8.0,0.8483980894088745
8.0,0.8243298530578613
8.0,0.6757729649543762
8.0,0.8943575024604797
8.0,0.7629225850105286
8.0,0.7309637069702148
8.0,0.5002464056015015
8.0,0.5904337763786316
8.0,0.8508321642875671
8.0,0.810578465461731
8.0,0.7240161895751953
8.0,0.8007777333259583
8.0,0.8440614342689514
8.0,0.687924861907959
8.0,0.4323164522647857
8.0,0.8772497177124023
8.0,0.7528164982795715
8.0,0.5407590270042419
8.0,0.7023094892501831
8.0,0.3602769672870636
8.0,0.907398283481598
8.0,4.1425021746199775e-10
8.0,0.5494636297225952
8.0,0.4797441363334656
8.0,0.7122257947921753
8.0,0.6406995058059692
8.0,0.7910794615745544
8.0,0.7984734773635864
8.0,0.7467992901802063
8.0,0.7198491096496582
8.0,0.7557564377784729
8.0,0.8500542044639587
8.0,0.8456037044525146
8.0,0.7135546207427979
8.0,0.745581865310669
8.0,0.7968992590904236
8.0,0.9163727164268494
8.0,0.8148954510688782
8.0,0.7688634395599365
8.0,0.6168648600578308
8.0,0.6363095641136169
8.0,0.6465268731117249
8.0,0.4964377284049988
8.0,0.2196279019117355
8.0,0.5939251184463501
8.0,0.7763571739196777
8.0,0.7565982341766357
8.0,0.1421543508768081
8.0,0.3606229126453399
8.0,0.7802510857582092
8.0,0.9075619578361512
8.0,0.8083801865577698
8.0,0.7941638231277466
8.0,0.4363068044185638
8.0,0.8990735411643982
8.0,0.8227036595344543
8.0,0.2843726575374603
8.0,0.751785159111023
8.0,0.5844911336898804
8.0,0.614205002784729
8.0,0.7574207782745361
8.0,0.8661694526672363
8.0,0.7786586880683899
8.0,0.7229508757591248
8.0,0.5664712190628052
8.0,0.811456561088562
8.0,0.7951445579528809
8.0,0.8709440231323242
8.0,0.8047674894332886
8.0,0.7429504990577698
8.0,0.7407164573669434
8.0,0.8016870021820068
8.0,0.8612055778503418
8.0,0.6881241202354431
9.0,0.9015480279922484
9.0,0.7840598225593567
9.0,0.9032033681869508
9.0,4.1425021746199775e-10
9.0,0.8095027804374695
9.0,0.810143232345581
9.0,0.643778920173645
9.0,0.8420745730400085
9.0,0.7067713737487793
9.0,0.8900771737098694
9.0,0.7184788584709167
9.0,0.7059361338615417
9.0,0.7820355296134949
9.0,0.3658110201358795
9.0,0.7676634788513184
9.0,0.820753276348114
9.0,0.8813009262084961
9.0,0.816859245300293
9.0,0.7806218862533569
9.0,0.8548421263694763
9.0,0.6205785274505615
9.0,0.8222467303276062
9.0,0.7526964545249939
9.0,0.5820707082748413
9.0,0.6978353261947632
9.0,0.8815838098526001
9.0,0.7531765103340149
9.0,0.8648953437805176
9.0,0.8529041409492493
9.0,0.9198163747787476
9.0,0.7732602953910828
9.0,0.6651900410652161
9.0,0.9083613753318788
9.0,0.7864970564842224
9.0,0.8305574059486389
9.0,1.3210039728761556e-09
9.0,0.7767367959022522
9.0,0.7737035155296326
9.0,0.7492141127586365
9.0,0.6630817651748657
9.0,0.6303071975708008
9.0,0.7012761235237122
9.0,0.8398705124855042
9.0,0.8434633016586304
9.0,0.9028351306915284
9.0,0.6612120866775513
9.0,0.1877245157957077
9.0,0.8002657890319824
9.0,0.8427661061286926
9.0,0.8643025755882263
9.0,0.6249259114265442
9.0,0.8449536561965942
9.0,0.8997413516044617
9.0,0.9400904178619384
9.0,0.7854942679405212
9.0,0.7669233679771423
9.0,0.8057495951652527
9.0,0.7749131917953491
9.0,0.7141497135162354
9.0,0.7615259289741516
9.0,0.5841030478477478
9.0,0.862389862537384
9.0,0.8174435496330261
9.0,0.2293587774038314
9.0,0.5527087450027466
9.0,0.5117530822753906
9.0,0.7753409743309021
9.0,0.8472294211387634
9.0,0.7717190980911255
9.0,0.9063765406608582
9.0,0.5557380318641663
9.0,0.7440860271453857
9.0,0.2906745076179504
9.0,0.5636792182922363
9.0,0.887206494808197
9.0,0.5704283118247986
9.0,0.6262648105621338
9.0,0.6407766938209534
9.0,0.5638635754585266
9.0,0.3464803993701935
9.0,0.8493637442588806
9.0,0.9101422429084778
9.0,0.6761369705200195
9.0,0.8175296783447266
9.0,0.838962197303772
9.0,0.7901814579963684
9.0,0.7823420166969299
9.0,0.7857364416122437
9.0,0.7812060713768005
9.0,0.886022686958313
9.0,0.6676657199859619
9.0,0.0105679417029023
9.0,0.8685595989227295
9.0,0.922724723815918
9.0,0.6234863996505737
9.0,0.8100401163101196
9.0,0.8635374903678894
9.0,0.4972805082798004
9.0,0.703377902507782
9.0,0.8648894429206848
10.0,0.9028337001800536
10.0,0.7994255423545837
10.0,0.2054702639579773
10.0,0.8805862069129944
10.0,0.8749628067016602
10.0,0.2566866874694824
10.0,0.7384015917778015
10.0,0.886407732963562
10.0,0.6809002757072449
10.0,0.8091851472854614
10.0,0.8996312022209167
10.0,0.3683286011219024
10.0,0.7910844087600708
10.0,0.9094631671905518
10.0,0.706439197063446
10.0,0.9193992018699646
10.0,0.6389565467834473
10.0,0.8265746235847473
10.0,0.774648129940033
10.0,0.78288733959198
10.0,0.8638352155685425
10.0,0.8350743055343628
10.0,0.7796441912651062
10.0,0.8010377883911133
10.0,0.6154796481132507
10.0,0.8609232902526855
10.0,0.7429730892181396
10.0,0.5499054193496704
10.0,0.909807026386261
10.0,0.7468417882919312
10.0,0.6226723790168762
10.0,0.8058097958564758
10.0,0.887076199054718
10.0,0.8123563528060913
10.0,0.7281271815299988
10.0,0.1211393028497695
10.0,0.8508685231208801
10.0,0.8679775595664978
10.0,0.2714985609054565
10.0,0.4895623922348022
10.0,0.8717085719108582
10.0,0.7140002846717834
10.0,0.8618963360786438
10.0,0.9088242053985596
10.0,0.3955584168434143
10.0,0.7834250330924988
10.0,0.7002456784248352
10.0,0.8010647892951965
10.0,0.7401034235954285
10.0,0.934140920639038
10.0,0.8707163333892822
10.0,0.8982182145118713
10.0,0.7933000922203064
10.0,0.6317639350891113
10.0,0.7260941863059998
10.0,0.6809196472167969
10.0,0.535755455493927
10.0,0.8075547218322754
10.0,0.8987947702407837
10.0,0.6386241316795349
10.0,0.6594244837760925
10.0,0.8586804866790771
10.0,0.8749893307685852
10.0,0.7784651517868042
10.0,1.3210039728761556e-09
10.0,0.6391499638557434
10.0,0.5769988894462585
10.0,0.8929721713066101
10.0,0.7606156468391418
10.0,0.8573019504547119
10.0,0.8750051259994507
10.0,0.7312644124031067
10.0,0.8206535577774048
10.0,0.8786158561706543
10.0,0.4209669530391693
10.0,0.7916829586029053
10.0,0.670249879360199
10.0,0.5003066062927246
10.0,0.9032241106033324
10.0,0.7553019523620605
10.0,0.7939881086349487
10.0,0.7548253536224365
10.0,0.7912657260894775
10.0,0.8520374894142151
10.0,0.7964085340499878
10.0,0.9150744676589966
10.0,4.1425021746199775e-10
10.0,0.9174880981445312
10.0,0.800303041934967
10.0,0.5711100101470947
10.0,0.8469095826148987
10.0,0.8477345705032349
10.0,0.8507369756698608
10.0,0.9106835126876832
10.0,0.7696844935417175
10.0,0.8403788805007935
10.0,0.740731418132782
10.0,0.8516057133674622
10.0,0.9188488721847534
10.0,0.5582274794578552
11.0,0.5742055177688599
11.0,0.8397758603096008
11.0,0.871204137802124
11.0,0.8479772806167603
11.0,0.4725303947925567
11.0,0.3081742823123932
11.0,0.897866427898407
11.0,0.6723998188972473
11.0,0.8346843719482422
11.0,0.8906157612800598
11.0,0.8896009922027588
11.0,1.3210039728761556e-09
11.0,0.8961281180381775
11.0,0.6782492399215698
11.0,0.8600770831108093
11.0,0.9125895500183104
11.0,0.8668997287750244
11.0,0.8261833786964417
11.0,0.654388964176178
11.0,0.7468521595001221
11.0,0.8473821878433228
11.0,0.6882647275924683
11.0,0.9133620262145996
11.0,0.8757548332214355
11.0,0.8808825016021729
11.0,4.1425021746199775e-10
11.0,0.6348987817764282
11.0,0.7384338974952698
11.0,0.9178243279457092
11.0,0.7916167378425598
11.0,0.6999667882919312
11.0,0.4709476232528686
11.0,0.3666754961013794
11.0,0.5251667499542236
11.0,0.7769153118133545
11.0,0.822935938835144
11.0,0.5849681496620178
11.0,0.8298217058181763
11.0,0.8638166189193726
11.0,0.6591125130653381
11.0,0.8379182815551758
11.0,0.7202385663986206
11.0,0.1942901909351349
11.0,0.9315472841262816
11.0,0.8321700096130371
11.0,0.7525935769081116
11.0,0.8381463289260864
11.0,0.4818470478057861
11.0,0.8629544377326965
11.0,0.7105589509010315
11.0,0.8704972863197327
11.0,0.8270847797393799
11.0,0.7294511795043945
11.0,0.7468580603599548
11.0,0.9267247915267944
11.0,0.8686982989311218
11.0,0.920570969581604
11.0,0.0004761905584018
11.0,0.7375142574310303
11.0,0.6954264044761658
11.0,0.7483288049697876
11.0,0.7745477557182312
11.0,0.7857958078384399
11.0,0.8133525848388672
11.0,0.7689282298088074
11.0,0.8724707961082458
11.0,0.6249229907989502
11.0,0.8942362666130066
11.0,0.6925597786903381
11.0,0.8965517282485962
11.0,0.6845499873161316
11.0,0.889415979385376
11.0,0.9433175325393676
11.0,0.8575908541679382
11.0,0.8576809167861938
11.0,0.8638139963150024
11.0,0.7869277000427246
11.0,0.5125778913497925
11.0,0.9029108881950378
11.0,0.9087520241737366
11.0,0.8795965909957886
11.0,0.7535212635993958
11.0,0.8325411081314087
11.0,0.6616464853286743
11.0,0.8250405192375183
11.0,0.8363065123558044
11.0,0.9062528014183044
11.0,0.8216055631637573
11.0,0.7143123745918274
11.0,0.7368674278259277
11.0,0.6138071417808533
11.0,0.8516263961791992
11.0,0.8874675035476685
11.0,0.8406054973602295
11.0,0.8146227598190308
11.0,0.8473716378211975
11.0,0.5816477537155151
11.0,0.9201328754425048
11.0,0.9282435178756714
11.0,0.8986195921897888
12.0,0.1853273808956146
12.0,0.6024519801139832
12.0,0.565934956073761
12.0,0.905752658843994
12.0,0.4504550099372864
12.0,0.7679542899131775
12.0,0.8674402236938477
12.0,0.8615216612815857
12.0,0.8678085207939148
12.0,0.7215885519981384
12.0,0.8354790806770325
12.0,0.5779209136962891
12.0,0.8951161503791809
12.0,0.5268495678901672
12.0,0.7763772010803223
12.0,0.8185233473777771
12.0,4.1425021746199775e-10
12.0,0.895524263381958
12.0,0.912328839302063
12.0,0.9200646877288818
12.0,0.8421416282653809
12.0,0.8313526511192322
12.0,0.8784657716751099
12.0,0.8272664546966553
12.0,0.7650176882743835
12.0,0.4624353647232055
12.0,0.7655642628669739
12.0,0.8642390966415405
12.0,0.8635672330856323
12.0,0.7727888822555542
12.0,0.91424560546875
12.0,0.6964571475982666
12.0,0.6517064571380615
12.0,0.6285891532897949
12.0,0.6660222411155701
12.0,0.8295389413833618
12.0,0.8641989231109619
12.0,0.9141514897346495
12.0,0.6682629585266113
12.0,0.9091211557388306
12.0,0.9303268790245056
12.0,0.7519571185112
12.0,0.6481332182884216
12.0,0.6289547681808472
12.0,0.8994843363761902
12.0,0.9052078127861024
12.0,0.7025532126426697
12.0,0.9249500036239624
12.0,0.7621029019355774
12.0,0.8213133215904236
12.0,0.9057985544204712
12.0,0.9400867223739624
12.0,0.8567183613777161
12.0,0.0140528390184044
12.0,0.9231399297714232
12.0,0.8873230814933777
12.0,0.841227114200592
12.0,0.858950674533844
12.0,0.7554647922515869
12.0,0.8723824620246887
12.0,0.8665092587471008
12.0,0.7626392841339111
12.0,0.7588194012641907
12.0,0.9147133231163024
12.0,0.3703975081443786
12.0,0.904970109462738
12.0,0.9116069078445436
12.0,0.6855238080024719
12.0,0.7453294992446899
12.0,0.652588963508606
12.0,1.3210039728761556e-09
12.0,0.8441898822784424
12.0,0.7719337940216064
12.0,0.7720125913619995
12.0,0.8196349143981934
12.0,0.8357420563697815
12.0,0.6525406241416931
12.0,0.8706022500991821
12.0,0.824407160282135
12.0,0.7323136925697327
12.0,0.7220526933670044
12.0,0.7298875451087952
12.0,0.746820867061615
12.0,0.9081897139549256
12.0,0.6154594421386719
12.0,0.8575512766838074
12.0,0.9033473134040833
12.0,0.8416643142700195
12.0,0.9125057458877563
12.0,0.7782014608383179
12.0,0.4740020334720611
12.0,0.7419619560241699
12.0,0.8517735600471497
12.0,0.6254239678382874
12.0,0.904482126235962
12.0,0.6686980128288269
12.0,0.8755422830581665
12.0,0.8536131978034973
12.0,0.7983725070953369
12.0,0.812859296798706
0.0,0.2314834743738174
0.0,0.3222092390060425
0.0,0.472282350063324
0.0,0.5231726765632629
0.0,0.6586119532585144
0.0,0.2448726296424865
0.0,0.3482320010662079
0.0,0.4943326711654663
0.0,0.5343978404998779
0.0,0.0489074550569057
0.0,0.426102340221405
0.0,0.1532659828662872
0.0,0.450023204088211
0.0,0.4791002869606018
0.0,0.4803656935691833
0.0,0.1943378299474716
0.0,0.5329662561416626
0.0,0.7873924970626831
0.0,0.1684782654047012
0.0,0.3581997454166412
0.0,0.8287804126739502
0.0,0.4645600020885467
0.0,0.2360940873622894
0.0,0.1943751573562622
0.0,0.2640495300292969
0.0,0.5913406014442444
0.0,0.4295224845409393
0.0,0.4934384226799011
0.0,0.4467618465423584
0.0,0.1338632404804229
0.0,0.6620974540710449
0.0,0.546241283416748
0.0,0.3441226482391357
0.0,0.1655180305242538
0.0,0.1490865349769592
0.0,0.2190573364496231
0.0,0.6891462206840515
0.0,0.2551110088825226
0.0,0.6247491240501404
0.0,0.1749932169914245
0.0,0.6884419322013855
0.0,0.2267336994409561
0.0,0.1309131383895874
0.0,0.1408541053533554
0.0,0.2419189214706421
0.0,0.6155553460121155
0.0,0.1610068827867508
0.0,0.1702942997217178
0.0,0.8070885539054871
0.0,0.8042276501655579
0.0,0.6017359495162964
0.0,0.2942878603935241
0.0,0.4499652683734894
0.0,0.1680886596441269
0.0,0.0135923726484179
0.0,0.5627492070198059
0.0,0.2594451606273651
0.0,0.3569876551628113
0.0,0.4521397650241852
0.0,0.3082145750522613
0.0,0.2972443401813507
0.0,0.2370056062936782
0.0,0.6983253359794617
0.0,0.2173151671886444
0.0,0.3417687118053436
0.0,0.1032329499721527
0.0,0.4483406245708465
0.0,0.3737342059612274
0.0,0.3345585167407989
0.0,0.1346854567527771
0.0,0.6568394303321838
0.0,0.2838832139968872
0.0,0.0560528263449668
0.0,0.6518160104751587
0.0,0.2051977068185806
0.0,0.5499982833862305
0.0,0.7837586998939514
0.0,0.3163978159427643
0.0,0.2610341608524322
0.0,0.7191084027290344
0.0,0.1251595020294189
0.0,0.2645584642887115
0.0,0.034830167889595
0.0,0.350167840719223
0.0,0.5331220030784607
0.0,0.2665216326713562
0.0,0.3528911471366882
0.0,0.1811800301074981
0.0,0.7029619812965393
0.0,0.4846277832984924
0.0,0.3523920178413391
0.0,0.1057626977562904
0.0,0.4062286615371704
0.0,0.3625034689903259
0.0,0.2702111601829529
0.0,5.5199823878471215e-11
0.0,0.3761428892612457
0.0,0.1711391657590866
0.0,0.2988435626029968
0.0,0.6177945137023926
1.0,0.3611513972282409
1.0,0.4907698035240173
1.0,0.837882936000824
1.0,0.6894158720970154
1.0,0.520764172077179
1.0,0.4136974513530731
1.0,0.8797810673713684
1.0,0.319056361913681
1.0,0.766627311706543
1.0,0.1368070095777511
1.0,0.4101562201976776
1.0,0.5373884439468384
1.0,0.8307428359985352
1.0,0.8212763071060181
1.0,0.0300886370241642
1.0,0.2831000685691833
1.0,0.690701425075531
1.0,0.4407537579536438
1.0,8.065816764490917e-11
1.0,0.2137002497911453
1.0,0.216299220919609
1.0,0.3153289258480072
1.0,0.4930047690868377
1.0,0.4370769560337066
1.0,0.3138942122459411
1.0,0.5315524339675903
1.0,0.5319963693618774
1.0,0.4414147138595581
1.0,0.4272199869155884
1.0,0.6988989114761353
1.0,0.4686134159564972
1.0,0.3199449479579925
1.0,0.108457051217556
1.0,0.4775768518447876
1.0,0.6174406409263611
1.0,0.3276765644550323
1.0,0.2895520329475403
1.0,0.7064148783683777
1.0,0.7071433663368225
1.0,0.2966652810573578
1.0,0.1477090567350387
1.0,0.5249389410018921
1.0,0.4040295779705047
1.0,0.1517991870641708
1.0,0.3932475447654724
1.0,0.3238456547260284
1.0,0.169056162238121
1.0,0.2082674503326416
1.0,0.2378292828798294
1.0,0.6853210926055908
1.0,0.1463941931724548
1.0,0.4113979935646057
1.0,0.7391839027404785
1.0,0.5587865114212036
1.0,0.0831753462553024
1.0,0.3649215400218963
1.0,0.6707803606987
1.0,0.6152937412261963
1.0,0.3924407958984375
1.0,0.6569088101387024
1.0,0.2779974341392517
1.0,0.3819653987884521
1.0,0.5870590209960938
1.0,0.5417295098304749
1.0,0.7481656670570374
1.0,0.5523500442504883
1.0,0.3373307883739471
1.0,0.8418950438499451
1.0,0.5885905623435974
1.0,0.677608072757721
1.0,0.3278403878211975
1.0,0.6231630444526672
1.0,0.4849274456501007
1.0,0.408906877040863
1.0,0.7623946666717529
1.0,0.3117932081222534
1.0,0.6502683758735657
1.0,0.7590972781181335
1.0,0.7168516516685486
1.0,0.381924420595169
1.0,0.7415287494659424
1.0,0.2471180409193039
1.0,0.402507871389389
1.0,0.8372375965118408
1.0,0.6785480380058289
1.0,0.5974969267845154
1.0,0.3076775670051574
1.0,0.2615863978862762
1.0,0.3726454973220825
1.0,0.6844074726104736
1.0,0.6463544368743896
1.0,0.3188458085060119
1.0,0.6269619464874268
1.0,0.5586614608764648
1.0,0.3175049126148224
1.0,0.2207075804471969
1.0,0.4676880240440368
1.0,0.3715936839580536
1.0,0.3353231847286224
1.0,0.4523071348667145
2.0,0.3579104542732239
2.0,0.6682970523834229
2.0,0.6381552219390869
2.0,0.8402634263038635
2.0,0.3046437203884125
2.0,0.6094773411750793
2.0,0.49631068110466
2.0,0.4145602583885193
2.0,0.1952517330646515
2.0,0.4464653134346008
2.0,0.39508917927742
2.0,0.8279352188110352
2.0,0.6269745826721191
2.0,0.4623308181762695
2.0,0.6103525757789612
2.0,0.1735919564962387
2.0,0.4631659388542175
2.0,0.5871145725250244
2.0,0.7383602261543274
2.0,0.6936978101730347
2.0,0.5216623544692993
2.0,0.3189906477928161
2.0,0.7260903120040894
2.0,0.3208023309707641
2.0,0.3469819724559784
2.0,0.4036662578582763
2.0,0.5051352977752686
2.0,0.6707776188850403
2.0,0.7185201048851013
2.0,0.8638039827346802
2.0,0.6434334516525269
2.0,0.3513979613780975
2.0,0.7408424615859985
2.0,0.8447940945625305
2.0,0.7522719502449036
2.0,0.801801323890686
2.0,0.3824013173580169
2.0,0.4730345606803894
2.0,0.8277034163475037
2.0,0.8734503388404846
2.0,0.6195166110992432
2.0,0.4652425348758697
2.0,0.472298115491867
2.0,0.8323127627372742
2.0,0.7872903347015381
2.0,0.7687845230102539
2.0,0.056857444345951
2.0,0.5117748975753784
2.0,0.7086383700370789
2.0,0.6871060729026794
2.0,0.691411554813385
2.0,0.4736455976963043
2.0,0.5100182890892029
2.0,1.2650221148380322e-10
2.0,0.5073635578155518
2.0,0.2652495801448822
2.0,0.8586735129356384
2.0,0.8120904564857483
2.0,0.7903519868850708
2.0,0.527093768119812
2.0,0.3832410871982574
2.0,0.3531111776828766
2.0,0.4266169667243957
2.0,0.1814277917146682
2.0,0.6121560335159302
2.0,0.4615507423877716
2.0,0.6849265694618225
2.0,0.7144310474395752
2.0,0.7535721063613892
2.0,0.6806191802024841
2.0,0.6518475413322449
2.0,0.5897622108459473
2.0,0.7082700133323669
2.0,0.183016151189804
2.0,0.5871548056602478
2.0,0.5205649733543396
2.0,0.4725196659564972
2.0,0.1613528430461883
2.0,0.3720289170742035
2.0,0.3311447501182556
2.0,0.5431711077690125
2.0,0.5068074464797974
2.0,0.4819338321685791
2.0,0.6817767024040222
2.0,0.4786064028739929
2.0,0.6146692037582397
2.0,0.491066038608551
2.0,0.5644859075546265
2.0,0.6717001795768738
2.0,0.3016620874404907
2.0,0.4460904598236084
2.0,0.633143424987793
2.0,0.2312172651290893
2.0,0.6427053213119507
2.0,0.754034698009491
2.0,0.7803136706352234
2.0,0.6123632192611694
2.0,0.6317957043647766
2.0,0.6963055729866028
2.0,0.9039528369903564
3.0,0.7958701252937317
3.0,0.45653024315834045
3.0,0.43060341477394104
3.0,0.675106406211853
3.0,0.825100302696228
3.0,0.8107503056526184
3.0,0.46870261430740356
3.0,0.5317330956459045
3.0,0.763740062713623
3.0,0.5715876817703247
3.0,0.6221839785575867
3.0,0.16520710289478302
3.0,0.45174112915992737
3.0,0.4250198006629944
3.0,0.7226992249488831
3.0,0.22404758632183075
3.0,0.7901550531387329
3.0,0.48125147819519043
3.0,0.17203661799430847
3.0,0.8314126133918762
3.0,0.7278867959976196
3.0,0.4960993826389313
3.0,3.875968990207923e-10
3.0,0.6801415085792542
3.0,0.6795843839645386
3.0,0.2801426649093628
3.0,0.7581591606140137
3.0,0.6466737389564514
3.0,0.5384771227836609
3.0,0.17169350385665894
3.0,0.6808327436447144
3.0,0.837995171546936
3.0,0.7390512228012085
3.0,0.6546735167503357
3.0,0.6118849515914917
3.0,0.8493668437004089
3.0,0.7426910400390625
3.0,0.42357224225997925
3.0,0.3473467230796814
3.0,0.8387380838394165
3.0,0.5673805475234985
3.0,0.4518786668777466
3.0,0.7964977025985718
3.0,0.769152045249939
3.0,0.8412392139434814
3.0,0.532123327255249
3.0,0.7830825448036194
3.0,0.5113085508346558
3.0,0.5821297764778137
3.0,0.8280832767486572
3.0,0.5755372643470764
3.0,0.7344663739204407
3.0,0.7751610279083252
3.0,0.576951801776886
3.0,0.2234831303358078
3.0,0.5732582211494446
3.0,0.8097875714302063
3.0,0.6774911880493164
3.0,0.6967810392379761
3.0,0.61130291223526
3.0,0.3685072958469391
3.0,0.6042546629905701
3.0,0.2362019121646881
3.0,0.7495343685150146
3.0,0.7344005703926086
3.0,0.6869868636131287
3.0,0.7225577235221863
3.0,0.06656700372695923
3.0,0.37389424443244934
3.0,0.6838635802268982
3.0,0.4227484166622162
3.0,0.48155927658081055
3.0,0.5569503307342529
3.0,0.4779144525527954
3.0,0.34924277663230896
3.0,0.6590293645858765
3.0,0.34012100100517273
3.0,0.3317503333091736
3.0,0.6886541247367859
3.0,0.8373798727989197
3.0,0.5591523051261902
3.0,0.47160273790359497
3.0,0.4315081834793091
3.0,0.5444701313972473
3.0,0.1919136941432953
3.0,0.8101693987846375
3.0,0.6537201404571533
3.0,0.7457239627838135
3.0,0.6827131509780884
3.0,0.36066216230392456
3.0,0.5341842174530029
3.0,0.727070689201355
3.0,0.5880162715911865
3.0,0.199445441365242
3.0,0.6582432985305786
3.0,0.4712395966053009
3.0,0.7447595000267029
3.0,0.6189940571784973
3.0,0.47298333048820496
3.0,0.5514759421348572
