epoch,iou
0.0,0.5810983180999756
0.0,0.536761999130249
0.0,0.5193486213684082
0.0,0.3073947727680206
0.0,0.4193540215492248
0.0,0.1490464210510254
0.0,0.5723949074745178
0.0,0.4050950706005096
0.0,0.154697984457016
0.0,0.4679379761219024
0.0,0.3008248209953308
0.0,0.3530566692352295
0.0,0.630726158618927
0.0,0.3159096539020538
0.0,0.1781065613031387
0.0,0.1568674147129058
0.0,0.14419025182724
0.0,0.581735372543335
0.0,0.4764579832553863
0.0,0.356589138507843
0.0,0.7023277282714844
0.0,0.3108825385570526
0.0,0.4739659130573272
0.0,0.1637774854898452
0.0,0.86363685131073
0.0,0.3303886651992798
0.0,0.2065696567296981
0.0,0.3739159703254699
0.0,0.3226523101329803
0.0,0.2684844434261322
0.0,0.7605056762695312
0.0,0.3533267080783844
0.0,0.4306753873825073
0.0,0.3656986355781555
0.0,0.7342191338539124
0.0,0.6499748229980469
0.0,0.7015339732170105
0.0,0.3719618320465088
0.0,0.8111616373062134
0.0,0.6613059043884277
0.0,0.4909139573574066
0.0,0.2457149624824524
0.0,0.6527485251426697
0.0,0.7028312087059021
0.0,0.5329296588897705
0.0,0.446189135313034
0.0,0.691989541053772
0.0,0.0903569012880325
0.0,0.8522379994392395
0.0,0.4922806024551391
0.0,0.2029444575309753
0.0,0.1982905715703964
0.0,0.3393144905567169
0.0,0.2229372709989547
0.0,0.5777053833007812
0.0,0.0980445817112922
0.0,0.3487021028995514
0.0,0.4891784489154815
0.0,0.2639541029930115
0.0,0.4637036025524139
0.0,0.3301962912082672
0.0,0.6734240651130676
0.0,0.1565048545598983
0.0,0.4470545053482055
0.0,0.7123244404792786
0.0,0.3550804555416107
0.0,0.6958497762680054
0.0,0.2843274474143982
0.0,0.3232641518115997
0.0,0.3790264129638672
0.0,0.6385176181793213
0.0,0.3437881767749786
0.0,0.439668595790863
0.0,0.2535266578197479
0.0,0.3605518639087677
0.0,0.0596274696290493
0.0,0.2433447986841201
0.0,0.7502492666244507
0.0,0.5290954113006592
0.0,0.587510883808136
0.0,0.2854407429695129
0.0,0.4587478637695312
0.0,0.1459189355373382
0.0,0.0144193219020962
0.0,0.453125
0.0,0.6893422603607178
0.0,0.2501435875892639
0.0,0.1149160712957382
0.0,6.352433162826188e-11
0.0,0.503048300743103
0.0,0.1451079994440078
0.0,0.3165170848369598
0.0,0.4403788149356842
0.0,0.1770502179861068
0.0,0.760421633720398
0.0,0.5666884779930115
0.0,0.4135480225086212
0.0,0.2880767583847046
0.0,0.5193663835525513
0.0,0.3996673822402954
1.0,0.6858067512512207
1.0,0.4054350852966308
1.0,0.6189371347427368
1.0,0.0700566247105598
1.0,0.1874051988124847
1.0,0.8384002447128296
1.0,0.6983809471130371
1.0,0.4263696670532226
1.0,0.4631644189357757
1.0,0.1983898729085922
1.0,0.3343451917171478
1.0,0.2664648294448852
1.0,0.8366203904151917
1.0,0.5982750654220581
1.0,0.571727991104126
1.0,0.3710830807685852
1.0,0.6580697298049927
1.0,0.3959628641605377
1.0,0.7154815793037415
1.0,0.6742940545082092
1.0,0.7211405038833618
1.0,0.5301187634468079
1.0,0.3414903283119201
1.0,0.5561007261276245
1.0,0.6251048445701599
1.0,0.3176470696926117
1.0,0.7204607129096985
1.0,0.547466516494751
1.0,0.6538096070289612
1.0,0.8088570237159729
1.0,0.4866815209388733
1.0,0.3638629615306854
1.0,0.4214571118354797
1.0,0.4825124144554138
1.0,0.7624150514602661
1.0,0.5653628706932068
1.0,0.3549273610115051
1.0,0.7585086226463318
1.0,0.5797116756439209
1.0,0.4413245022296905
1.0,0.3627480566501617
1.0,0.5889307260513306
1.0,0.8291686177253723
1.0,0.4976490437984466
1.0,0.3853670656681061
1.0,0.2925544381141662
1.0,0.3446692824363708
1.0,0.5658082962036133
1.0,0.6234973669052124
1.0,0.6532964110374451
1.0,0.7326123118400574
1.0,0.4475066363811493
1.0,0.7288447618484497
1.0,0.4106299877166748
1.0,0.6900742053985596
1.0,0.3389312922954559
1.0,0.7292898893356323
1.0,0.4586253464221954
1.0,0.2152495682239532
1.0,0.2156702429056167
1.0,0.491901695728302
1.0,0.4116953015327453
1.0,0.2725305557250976
1.0,0.5997703075408936
1.0,0.391656219959259
1.0,0.5588119626045227
1.0,0.5478360652923584
1.0,0.5018579959869385
1.0,0.8064262866973877
1.0,0.3784618675708771
1.0,0.7004769444465637
1.0,0.5401056408882141
1.0,0.526688277721405
1.0,0.0271637719124555
1.0,0.761705756187439
1.0,0.8397123217582703
1.0,0.5527809262275696
1.0,0.4880257248878479
1.0,0.5682365894317627
1.0,0.5904172658920288
1.0,0.656359076499939
1.0,0.8354625105857849
1.0,0.4312905967235565
1.0,0.7283706068992615
1.0,0.4118497371673584
1.0,0.1771523207426071
1.0,0.3797167837619781
1.0,0.8008773326873779
1.0,0.2078040987253189
1.0,0.535697877407074
1.0,0.6602656841278076
1.0,0.7237818241119385
1.0,2.035416279966284e-10
1.0,0.3148983418941498
1.0,0.7088955044746399
1.0,0.5188245177268982
1.0,0.3279921114444732
1.0,0.2899373769760132
1.0,0.1371028572320938
1.0,0.5920469164848328
2.0,0.5850909352302551
2.0,0.4815230965614319
2.0,0.6296912431716919
2.0,0.4269883036613464
2.0,0.5529806017875671
2.0,0.3691146075725555
2.0,0.6704617142677307
2.0,0.6735894680023193
2.0,0.2709235548973083
2.0,0.4373542368412018
2.0,4.1425021746199775e-10
2.0,0.208992451429367
2.0,0.7369710803031921
2.0,0.7763749361038208
2.0,0.2598864734172821
2.0,0.5723327398300171
2.0,0.8175587058067322
2.0,0.4094696342945099
2.0,0.7783010601997375
2.0,0.7528974413871765
2.0,0.7104734778404236
2.0,0.7055771350860596
2.0,0.5984372496604919
2.0,0.6086388826370239
2.0,0.4451205134391784
2.0,0.610257089138031
2.0,0.8319709300994873
2.0,0.5535998344421387
2.0,0.7081897258758545
2.0,0.7235307693481445
2.0,0.7405518293380737
2.0,0.8436442613601685
2.0,0.8641839623451233
2.0,0.5440842509269714
2.0,0.6023613214492798
2.0,0.7174716591835022
2.0,0.3402098715305328
2.0,0.6602370142936707
2.0,0.6623144745826721
2.0,0.622779369354248
2.0,0.5279772877693176
2.0,0.4036064743995666
2.0,0.8709104061126709
2.0,0.6318215727806091
2.0,0.4877735674381256
2.0,0.4621407091617584
2.0,0.5864325761795044
2.0,0.6807549595832825
2.0,0.6608073115348816
2.0,0.4091027081012726
2.0,0.7445831894874573
2.0,0.505506157875061
2.0,0.5049760341644287
2.0,0.5691434144973755
2.0,0.6843912601470947
2.0,0.1775040328502655
2.0,0.5334402322769165
2.0,0.486073762178421
2.0,0.601589560508728
2.0,0.2426150292158126
2.0,0.3478879928588867
2.0,0.4036274552345276
2.0,0.6993950009346008
2.0,0.1920047104358673
2.0,0.7449997663497925
2.0,0.408265471458435
2.0,0.7531477212905884
2.0,0.5366163849830627
2.0,0.8426346182823181
2.0,0.5820895433425903
2.0,0.091624304652214
2.0,0.4144819974899292
2.0,0.2632902860641479
2.0,0.3609741926193237
2.0,0.7229611277580261
2.0,0.5936154127120972
2.0,0.8459262251853943
2.0,0.6461952328681946
2.0,0.6778554320335388
2.0,0.4504779875278473
2.0,0.5222607254981995
2.0,0.610533595085144
2.0,0.2710648477077484
2.0,0.5729426145553589
2.0,0.4397219717502594
2.0,0.7398084402084351
2.0,0.8180398941040039
2.0,0.5162051320075989
2.0,0.4961976408958435
2.0,0.8304309844970703
2.0,0.6763790845870972
2.0,0.5837240219116211
2.0,0.6811845898628235
2.0,0.1858448535203933
2.0,0.7225611209869385
2.0,0.7552209496498108
2.0,0.5642098188400269
2.0,0.796278178691864
2.0,0.68062424659729
2.0,0.7072426676750183
3.0,0.6990888714790344
3.0,0.6487594842910767
3.0,0.5558049082756042
3.0,0.4955301582813263
3.0,0.5429471135139465
3.0,0.7185075283050537
3.0,0.8343930840492249
3.0,0.8606915473937988
3.0,0.0614398196339607
3.0,0.781523585319519
3.0,0.6521247029304504
3.0,0.2993506491184234
3.0,0.5108808875083923
3.0,0.7911033630371094
3.0,0.6082267761230469
3.0,0.6169505715370178
3.0,0.4768972992897033
3.0,0.2129945605993271
3.0,0.6916565299034119
3.0,0.6744692325592041
3.0,0.493869811296463
3.0,0.6957066059112549
3.0,0.6683049201965332
3.0,0.1773251891136169
3.0,0.3677166700363159
3.0,0.4988069534301758
3.0,0.1992961317300796
3.0,0.5542494654655457
3.0,0.6721794009208679
3.0,0.5296065807342529
3.0,0.3177386522293091
3.0,0.4504881501197815
3.0,4.1425021746199775e-10
3.0,0.7425288558006287
3.0,0.720078706741333
3.0,0.5368942618370056
3.0,0.78843092918396
3.0,0.7031866312026978
3.0,0.8437082767486572
3.0,0.7156407833099365
3.0,0.5286110639572144
3.0,0.8479016423225403
3.0,0.1485664248466491
3.0,0.7998124957084656
3.0,0.5058331489562988
3.0,0.4049635529518127
3.0,0.4071745872497558
3.0,0.6554403901100159
3.0,0.6998932361602783
3.0,0.5142820477485657
3.0,0.2430191934108734
3.0,0.5855482220649719
3.0,0.7781760096549988
3.0,0.7257770895957947
3.0,0.8239679336547852
3.0,0.5903258919715881
3.0,0.6329660415649414
3.0,0.5649977326393127
3.0,0.1762684136629104
3.0,0.7914236187934875
3.0,0.6598768830299377
3.0,0.3609770536422729
3.0,0.5439910292625427
3.0,0.3372278809547424
3.0,0.4940450191497803
3.0,0.8401826024055481
3.0,0.4541062712669372
3.0,0.402351051568985
3.0,0.2013117372989654
3.0,0.6130675673484802
3.0,0.1599283367395401
3.0,0.6936826705932617
3.0,0.5258565545082092
3.0,0.8324964046478271
3.0,0.7410316467285156
3.0,0.4271481037139892
3.0,0.5845823287963867
3.0,0.8187243342399597
3.0,0.3728969693183899
3.0,0.6050786375999451
3.0,0.7121741771697998
3.0,0.782552182674408
3.0,0.5964149236679077
3.0,0.5165577530860901
3.0,0.1937367767095565
3.0,0.7584095597267151
3.0,0.7502707839012146
3.0,0.5648017525672913
3.0,0.4501419961452484
3.0,0.744461715221405
3.0,0.6459152698516846
3.0,0.3750616014003753
3.0,0.4611187875270843
3.0,0.416850745677948
3.0,0.5238174200057983
3.0,0.455750435590744
3.0,0.3270119428634643
3.0,0.5896637439727783
3.0,0.6089984774589539
3.0,0.455864816904068
4.0,0.6984544396400452
4.0,0.6622669100761414
4.0,0.7598251104354858
4.0,0.7601757049560547
4.0,0.3089646100997925
4.0,0.7504680156707764
4.0,0.6698260307312012
4.0,0.6431587934494019
4.0,0.7318816184997559
4.0,0.21067975461483
4.0,0.6902303099632263
4.0,0.459674060344696
4.0,0.7464671730995178
4.0,0.3268866539001465
4.0,0.5518568158149719
4.0,0.4470374882221222
4.0,0.6092844605445862
4.0,0.6647347807884216
4.0,0.4893548190593719
4.0,0.6334216594696045
4.0,0.8123908638954163
4.0,0.8530784845352173
4.0,0.6093106269836426
4.0,0.8009681701660156
4.0,0.5318464636802673
4.0,0.1921892464160919
4.0,0.6974524259567261
4.0,0.6815261840820312
4.0,0.7333620190620422
4.0,0.8240654468536377
4.0,0.3161496520042419
4.0,0.607689619064331
4.0,0.6111533045768738
4.0,0.6938506960868835
4.0,0.6868248581886292
4.0,0.589946985244751
4.0,0.5982993245124817
4.0,0.8550174832344055
4.0,0.8664783239364624
4.0,0.7452018857002258
4.0,0.4852772355079651
4.0,0.7083260416984558
4.0,0.9048905372619628
4.0,0.6086770296096802
4.0,4.1425021746199775e-10
4.0,0.7855575680732727
4.0,0.704049825668335
4.0,0.8172221779823303
4.0,0.5929210186004639
4.0,0.8121205568313599
4.0,0.8231273293495178
4.0,0.6336396932601929
4.0,0.4551342725753784
4.0,0.7171036005020142
4.0,0.3543685972690582
4.0,0.5006563663482666
4.0,0.5090551972389221
4.0,0.771828830242157
4.0,0.4053788483142853
4.0,0.3289802372455597
4.0,0.7384685277938843
4.0,0.685073733329773
4.0,0.6877007484436035
4.0,0.4552116096019745
4.0,0.6130403876304626
4.0,0.803097128868103
4.0,0.2430131882429123
4.0,0.4779730439186096
4.0,0.5750214457511902
4.0,0.7667407989501953
4.0,0.5795390009880066
4.0,0.7398790717124939
4.0,0.6090825796127319
4.0,0.7164684534072876
4.0,0.7290822863578796
4.0,0.8707215189933777
4.0,0.7457574605941772
4.0,0.8574756383895874
4.0,0.171850174665451
4.0,0.5690983533859253
4.0,0.8481822609901428
4.0,0.2508013546466827
4.0,0.8811341524124146
4.0,0.6905934810638428
4.0,0.5938772559165955
4.0,0.7720925211906433
4.0,0.7502288222312927
4.0,0.7908328771591187
4.0,0.4999485611915588
4.0,0.7759685516357422
4.0,0.6548352837562561
4.0,0.621301531791687
4.0,0.746987521648407
4.0,0.6742406487464905
4.0,0.8478924036026001
4.0,0.2234596014022827
4.0,0.6328780055046082
4.0,0.5983807444572449
4.0,0.7328631281852722
4.0,0.5879562497138977
5.0,0.7712047696113586
5.0,0.2820703089237213
5.0,0.7789561748504639
5.0,0.7416900992393494
5.0,0.6149148941040039
5.0,4.1425021746199775e-10
5.0,0.5563248991966248
5.0,0.7408710718154907
5.0,0.1738732159137725
5.0,0.6343610286712646
5.0,0.7031881213188171
5.0,0.5201629996299744
5.0,0.8024470806121826
5.0,0.712785542011261
5.0,0.3845191299915313
5.0,0.2625834345817566
5.0,0.6462794542312622
5.0,0.6523336172103882
5.0,0.8523334860801697
5.0,0.512011706829071
5.0,0.6252017617225647
5.0,0.8672354817390442
5.0,0.7829155921936035
5.0,0.6561065912246704
5.0,0.7163344621658325
5.0,0.8498205542564392
5.0,0.6443638801574707
5.0,0.8019437193870544
5.0,0.778823971748352
5.0,0.7776594161987305
5.0,0.2964001595973968
5.0,0.519087016582489
5.0,0.8230301737785339
5.0,0.8176142573356628
5.0,0.7477080225944519
5.0,0.7951968908309937
5.0,0.6864147186279297
5.0,0.8692761659622192
5.0,0.7302311062812805
5.0,0.2332555502653122
5.0,0.8145861029624939
5.0,0.1841674298048019
5.0,0.540699303150177
5.0,0.6891303062438965
5.0,0.7815884351730347
5.0,0.7086601853370667
5.0,0.6336336135864258
5.0,0.7764787673950195
5.0,0.7827465534210205
5.0,0.7642474174499512
5.0,0.7624212503433228
5.0,0.4617718458175659
5.0,0.6411443948745728
5.0,0.6219351887702942
5.0,0.7189534902572632
5.0,0.8642848134040833
5.0,0.621716320514679
5.0,0.6249043345451355
5.0,0.8263788223266602
5.0,0.729572594165802
5.0,0.757409930229187
5.0,0.705177903175354
5.0,0.8948405981063843
5.0,0.4774652123451233
5.0,0.7027353644371033
5.0,0.5771018862724304
5.0,0.6380575895309448
5.0,0.3551084697246551
5.0,0.8893225193023682
5.0,0.7732040882110596
5.0,0.4326251745223999
5.0,0.1698451936244964
5.0,0.8662844300270081
5.0,0.8271937370300293
5.0,0.5434844493865967
5.0,0.9190861582756042
5.0,0.7245939373970032
5.0,0.8636242747306824
5.0,0.8064919710159302
5.0,0.6679896116256714
5.0,0.7610833644866943
5.0,0.865905225276947
5.0,0.7562151551246643
5.0,0.5506467223167419
5.0,0.5695314407348633
5.0,0.688717246055603
5.0,0.767530083656311
5.0,0.7337688207626343
5.0,0.4110071659088135
5.0,0.7617900371551514
5.0,0.6734489798545837
5.0,0.6576244831085205
5.0,0.3886598944664001
5.0,0.5847952961921692
5.0,0.7640972137451172
5.0,0.8252765536308289
5.0,0.742006242275238
5.0,0.7953845858573914
5.0,0.6307544708251953
5.0,0.5219756960868835
6.0,0.8671082854270935
6.0,0.6778134703636169
6.0,0.7747822999954224
6.0,0.7047176957130432
6.0,0.3092202246189117
6.0,0.8650400638580322
6.0,0.7307794094085693
6.0,0.7144907116889954
6.0,0.7127002477645874
6.0,0.1695727556943893
6.0,0.8454676866531372
6.0,0.6259954571723938
6.0,0.6475235819816589
6.0,0.613034188747406
6.0,0.8015724420547485
6.0,0.6276533007621765
6.0,0.7563188076019287
6.0,0.6112426519393921
6.0,0.6335430145263672
6.0,0.648131787776947
6.0,0.7279077172279358
6.0,0.5366193056106567
6.0,0.4667995572090149
6.0,0.7212668657302856
6.0,0.7082569003105164
6.0,0.662594199180603
6.0,0.4321556389331817
6.0,0.2759222090244293
6.0,0.6730088591575623
6.0,0.3934454321861267
6.0,0.5149591565132141
6.0,0.7999380826950073
6.0,0.6803684830665588
6.0,0.8672477602958679
6.0,0.1953087747097015
6.0,0.7465405464172363
6.0,0.8214289546012878
6.0,0.8440018892288208
6.0,0.7116591930389404
6.0,0.8076401948928833
6.0,0.7525069713592529
6.0,0.8053995966911316
6.0,0.8446420431137085
6.0,0.5996671319007874
6.0,0.6766573786735535
6.0,0.6341517567634583
6.0,0.7402293682098389
6.0,0.8030402660369873
6.0,0.5341521501541138
6.0,0.7664125561714172
6.0,0.713243842124939
6.0,0.4644135534763336
6.0,0.7647954225540161
6.0,0.6880487203598022
6.0,0.7669590711593628
6.0,0.7653611302375793
6.0,0.7444557547569275
6.0,0.1761282980442047
6.0,0.7007601857185364
6.0,0.800880491733551
6.0,0.9048811793327332
6.0,0.8822430968284607
6.0,0.8031151294708252
6.0,0.514973521232605
6.0,0.8463771939277649
6.0,0.6889227628707886
6.0,0.5584995746612549
6.0,0.5871456861495972
6.0,0.4064461886882782
6.0,0.6258138418197632
6.0,0.664100170135498
6.0,0.7424665689468384
6.0,0.812451183795929
6.0,0.7718328237533569
6.0,0.5477375984191895
6.0,0.7005904912948608
6.0,0.3819052875041961
6.0,0.6655028462409973
6.0,0.7499396204948425
6.0,0.7365033030509949
6.0,0.7120009660720825
6.0,0.5771233439445496
6.0,0.7767944931983948
6.0,0.7749040126800537
6.0,0.6104047894477844
6.0,0.3607159554958343
6.0,0.4993344247341156
6.0,0.7472723126411438
6.0,0.5467612147331238
6.0,0.6220172047615051
6.0,4.1425021746199775e-10
6.0,0.7412314414978027
6.0,0.6381083130836487
6.0,0.8250313401222229
6.0,0.5217865705490112
6.0,0.8601466417312622
6.0,0.3093583881855011
6.0,0.6962580680847168
6.0,0.7084556221961975
6.0,0.7820572257041931
7.0,0.8412328958511353
7.0,0.6476874947547913
7.0,0.8940224647521973
7.0,0.8268649578094482
7.0,0.6032332181930542
7.0,0.8230847716331482
7.0,0.8146234154701233
7.0,0.7203347086906433
7.0,0.4431701600551605
7.0,0.1869404017925262
7.0,0.7869641184806824
7.0,0.6871619820594788
7.0,0.4916796386241913
7.0,0.1505993902683258
7.0,0.714199960231781
7.0,0.8012469410896301
7.0,0.691830575466156
7.0,0.7442538738250732
7.0,0.5007739663124084
7.0,0.8509324789047241
7.0,0.8625977039337158
7.0,0.7770479917526245
7.0,0.6626483201980591
7.0,0.7395275235176086
7.0,0.6486498117446899
7.0,0.6038960814476013
7.0,0.7608957886695862
7.0,0.8885085582733154
7.0,0.8515163660049438
7.0,0.7672695517539978
7.0,0.7412521243095398
7.0,0.6561419367790222
7.0,0.7488989233970642
7.0,0.644589364528656
7.0,0.4693037569522857
7.0,0.367522269487381
7.0,0.7528474926948547
7.0,0.5380859375
7.0,0.8887003660202026
7.0,0.6565732359886169
7.0,0.6891431212425232
7.0,0.6135770082473755
7.0,0.8361322283744812
7.0,0.7210798859596252
7.0,0.8556864857673645
7.0,0.6750690340995789
7.0,0.6529392004013062
7.0,0.8568688631057739
7.0,0.7170091867446899
7.0,0.7766733169555664
7.0,0.6547725200653076
7.0,0.7536724805831909
7.0,0.884429931640625
7.0,0.8264257311820984
7.0,0.5144498944282532
7.0,0.2220233380794525
7.0,0.7385525703430176
7.0,0.8678792119026184
7.0,0.6758518218994141
7.0,0.7850853800773621
7.0,0.7743168473243713
7.0,0.7775527834892273
7.0,0.8315201997756958
7.0,0.7049141526222229
7.0,0.7219294309616089
7.0,4.1425021746199775e-10
7.0,0.893079400062561
7.0,0.6394349336624146
7.0,0.7588748335838318
7.0,0.2671747505664825
7.0,0.5672082304954529
7.0,0.8901370763778687
7.0,0.6870832443237305
7.0,0.8655754923820496
7.0,0.3682845830917358
7.0,0.7511846423149109
7.0,0.5472770929336548
7.0,0.8365864753723145
7.0,0.8018229007720947
7.0,0.7643924355506897
7.0,0.5737541913986206
7.0,0.7534328699111938
7.0,0.7032956480979919
7.0,0.5903076529502869
7.0,0.7396156191825867
7.0,0.7702392339706421
7.0,0.8699239492416382
7.0,0.8287091255187988
7.0,0.6419971585273743
7.0,0.7992681264877319
7.0,0.2242890745401382
7.0,0.6673609614372253
7.0,0.7568445205688477
7.0,0.9089707136154176
7.0,0.739651620388031
7.0,0.7287083268165588
7.0,0.4586152136325836
7.0,0.7149236798286438
7.0,0.8151330947875977
7.0,0.5743331909179688
8.0,0.4381614625453949
8.0,0.7503681778907776
8.0,0.8245660066604614
8.0,0.8112000226974487
8.0,0.5229341983795166
8.0,0.7271692156791687
8.0,0.8097035884857178
8.0,0.659484326839447
8.0,0.8447901010513306
8.0,0.8326131105422974
8.0,0.6964364647865295
8.0,0.3331154584884643
8.0,0.4903571307659149
8.0,0.8549312353134155
8.0,0.8131679892539978
8.0,0.5939419269561768
8.0,0.7657821774482727
8.0,0.6764989495277405
8.0,0.7788316607475281
8.0,0.5786120891571045
8.0,0.3996003270149231
8.0,0.7322018146514893
8.0,0.646939218044281
8.0,0.367168515920639
8.0,0.7664294838905334
8.0,0.7358115315437317
8.0,0.6713547706604004
8.0,0.7247481346130371
8.0,0.6392524838447571
8.0,0.5696635246276855
8.0,0.855387806892395
8.0,0.5923462510108948
8.0,0.7163496017456055
8.0,0.8843227624893188
8.0,4.1425021746199775e-10
8.0,0.7992539405822754
8.0,0.7364462018013
8.0,0.8854743838310242
8.0,0.2025980800390243
8.0,0.7342219948768616
8.0,0.8749890327453613
8.0,0.8718128800392151
8.0,0.7179590463638306
8.0,0.8399296998977661
8.0,0.8302638530731201
8.0,0.7985687255859375
8.0,0.8352999091148376
8.0,0.7354356646537781
8.0,0.4541091918945312
8.0,0.8058463335037231
8.0,0.8037622570991516
8.0,0.8643158674240112
8.0,0.6608211398124695
8.0,0.8136797547340393
8.0,0.7633269429206848
8.0,0.8186354041099548
8.0,0.6052838563919067
8.0,0.7394610643386841
8.0,0.6880210638046265
8.0,0.484701931476593
8.0,0.7607743740081787
8.0,0.7744932174682617
8.0,0.8211292028427124
8.0,0.5477153658866882
8.0,0.6734001636505127
8.0,0.7215964794158936
8.0,0.8670252561569214
8.0,0.8496952652931213
8.0,0.8340492248535156
8.0,0.7855958342552185
8.0,0.7293263673782349
8.0,0.869716465473175
8.0,0.7617679834365845
8.0,0.8252928256988525
8.0,0.7633922100067139
8.0,0.7895756363868713
8.0,0.6207022070884705
8.0,0.1688875705003738
8.0,0.686000645160675
8.0,0.8477290868759155
8.0,0.7534090280532837
8.0,0.8107126951217651
8.0,0.4803526103496551
8.0,0.3381678760051727
8.0,0.6987037658691406
8.0,0.7362658977508545
8.0,0.9064546823501588
8.0,0.3914893567562103
8.0,0.792617917060852
8.0,0.8238402009010315
8.0,0.6726285219192505
8.0,0.7553085088729858
8.0,0.7173988223075867
8.0,0.7467313408851624
8.0,0.4981687366962433
8.0,0.885814368724823
8.0,0.8853456377983093
8.0,0.437333881855011
8.0,0.8962874412536621
8.0,0.8612269163131714
9.0,0.8868586421012878
9.0,0.7040151953697205
9.0,0.880482017993927
9.0,0.8019578456878662
9.0,0.8213046789169312
9.0,0.8658149838447571
9.0,0.8312598466873169
9.0,0.5210217237472534
9.0,0.8244556188583374
9.0,0.7129694819450378
9.0,0.8030399084091187
9.0,0.4157974421977997
9.0,0.709499180316925
9.0,0.9010084271430968
9.0,0.698015570640564
9.0,0.4810704886913299
9.0,0.7057119607925415
9.0,0.8805362582206726
9.0,0.5444877743721008
9.0,0.5029281973838806
9.0,0.8118854761123657
9.0,0.7581963539123535
9.0,0.7972709536552429
9.0,0.5829800963401794
9.0,0.6989826560020447
9.0,0.8057103753089905
9.0,4.1425021746199775e-10
9.0,0.5522773265838623
9.0,0.7438052296638489
9.0,0.7591127753257751
9.0,0.8416048884391785
9.0,0.8696908950805664
9.0,0.4216923117637634
9.0,0.7184499502182007
9.0,0.7442947030067444
9.0,0.8042430281639099
9.0,0.6960490942001343
9.0,0.8788959383964539
9.0,0.5923100709915161
9.0,0.7509241104125977
9.0,0.2807749807834625
9.0,0.877190887928009
9.0,0.8406956791877747
9.0,0.5296434164047241
9.0,0.8661810755729675
9.0,0.6841931939125061
9.0,0.6589435935020447
9.0,0.8071218132972717
9.0,0.7785448431968689
9.0,0.7481442093849182
9.0,0.8771308064460754
9.0,0.7627550959587097
9.0,0.812009871006012
9.0,0.557509183883667
9.0,0.7728478908538818
9.0,0.7410938143730164
9.0,0.8616053462028503
9.0,0.7535720467567444
9.0,0.8693540096282959
9.0,0.7402704358100891
9.0,0.4689704775810241
9.0,0.8342878222465515
9.0,0.6703940629959106
9.0,0.8310997486114502
9.0,0.8455645442008972
9.0,0.7622621655464172
9.0,0.8112444281578064
9.0,0.180306538939476
9.0,0.6575828194618225
9.0,0.772095799446106
9.0,0.7199453711509705
9.0,0.6665564179420471
9.0,0.7363133430480957
9.0,0.7602815628051758
9.0,0.7388737797737122
9.0,0.9049652218818665
9.0,0.1000661626458168
9.0,0.7814733982086182
9.0,0.8313692212104797
9.0,0.8428041934967041
9.0,0.8465694785118103
9.0,0.8050692081451416
9.0,0.7576509714126587
9.0,0.8257443904876709
9.0,0.7865023016929626
9.0,0.5409312844276428
9.0,0.590741753578186
9.0,0.8569943308830261
9.0,0.2175747752189636
9.0,0.7991257309913635
9.0,0.7227503061294556
9.0,0.7231580018997192
9.0,0.7585462331771851
9.0,0.3668219745159149
9.0,0.6496096849441528
9.0,0.6492047309875488
9.0,0.6173988580703735
9.0,0.8616517186164856
9.0,0.6898816227912903
9.0,0.7777777910232544
10.0,0.8950420618057251
10.0,0.8718924522399902
10.0,0.9141011834144592
10.0,0.8313759565353394
10.0,0.850860595703125
10.0,0.3619422912597656
10.0,0.5844632387161255
10.0,0.8434506058692932
10.0,0.7251679301261902
10.0,0.882041335105896
10.0,0.8594649434089661
10.0,0.8519971966743469
10.0,0.8444661498069763
10.0,0.568989098072052
10.0,0.6027882099151611
10.0,0.814646303653717
10.0,0.8585213422775269
10.0,0.7802444696426392
10.0,0.8424690365791321
10.0,0.6219254732131958
10.0,0.8736582398414612
10.0,0.4864697158336639
10.0,4.1425021746199775e-10
10.0,0.8282998204231262
10.0,0.419299453496933
10.0,0.8123213052749634
10.0,0.861057698726654
10.0,0.8526517748832703
10.0,0.7464184761047363
10.0,0.6552863717079163
10.0,0.5178471207618713
10.0,0.8152263164520264
10.0,0.6377474069595337
10.0,0.8370206356048584
10.0,0.369167298078537
10.0,0.863567590713501
10.0,0.7488653063774109
10.0,0.8942598104476929
10.0,0.9192072153091432
10.0,0.8305197358131409
10.0,0.4115394353866577
10.0,0.670030415058136
10.0,0.7512971758842468
10.0,0.851110577583313
10.0,0.661872148513794
10.0,0.7771854996681213
10.0,0.8404279351234436
10.0,0.6884872317314148
10.0,0.6907599568367004
10.0,0.7231813669204712
10.0,0.1815327554941177
10.0,0.8802220225334167
10.0,0.6615121364593506
10.0,0.5258532762527466
10.0,0.7489973902702332
10.0,0.7653478384017944
10.0,0.8273427486419678
10.0,0.8940512537956238
10.0,0.8020704984664917
10.0,0.2774707376956939
10.0,0.7507500052452087
10.0,0.8174877762794495
10.0,0.2656353414058685
10.0,0.6921447515487671
10.0,0.8648569583892822
10.0,0.7855807542800903
10.0,0.739794135093689
10.0,0.8680490851402283
10.0,0.7630020976066589
10.0,0.7820332050323486
10.0,0.747844934463501
10.0,0.13994100689888
10.0,0.787815511226654
10.0,0.5585321187973022
10.0,0.78937828540802
10.0,0.6546724438667297
10.0,0.7813379764556885
10.0,0.8679603338241577
10.0,0.8102244138717651
10.0,0.9141162633895874
10.0,0.8416609168052673
10.0,0.904859185218811
10.0,0.7376886010169983
10.0,0.5849819183349609
10.0,0.4941253364086151
10.0,0.8865686655044556
10.0,0.9049893617630004
10.0,0.7627376914024353
10.0,0.7342562079429626
10.0,0.7412266135215759
10.0,0.7773462533950806
10.0,0.4179390072822571
10.0,0.820978581905365
10.0,0.7744676470756531
10.0,0.7632845640182495
10.0,0.8657496571540833
10.0,0.538992166519165
10.0,0.7768531441688538
10.0,0.8812684416770935
10.0,0.9057384133338928
11.0,0.8375495076179504
11.0,0.9146931171417236
11.0,0.7531731724739075
11.0,0.839508056640625
11.0,0.6202196478843689
11.0,0.5351753234863281
11.0,0.8141390681266785
11.0,0.7044633626937866
11.0,0.5285485982894897
11.0,0.8073307871818542
11.0,0.8562774658203125
11.0,0.7642375826835632
11.0,0.6962903141975403
11.0,0.6468839049339294
11.0,0.7022572159767151
11.0,0.799174964427948
11.0,4.1425021746199775e-10
11.0,0.8852429986000061
11.0,0.7617399096488953
11.0,0.7462271451950073
11.0,0.8359436988830566
11.0,0.8140748143196106
11.0,0.8260450959205627
11.0,0.761971652507782
11.0,0.8384329676628113
11.0,0.7546921968460083
11.0,0.7601514458656311
11.0,0.7367587685585022
11.0,0.7597475647926331
11.0,0.741770327091217
11.0,0.6344074010848999
11.0,0.7922470569610596
11.0,0.8208429217338562
11.0,0.9015722274780272
11.0,0.7400246858596802
11.0,0.8381662964820862
11.0,0.9019809365272522
11.0,0.8690398335456848
11.0,0.6073005795478821
11.0,0.7702116370201111
11.0,0.8502892851829529
11.0,0.752547562122345
11.0,0.5351196527481079
11.0,0.7798482775688171
11.0,0.6894097328186035
11.0,0.8897502422332764
11.0,0.7484855055809021
11.0,0.7726456522941589
11.0,0.8444406986236572
11.0,0.725762665271759
11.0,0.4101053774356842
11.0,0.8846951723098755
11.0,0.8474242091178894
11.0,0.7526441812515259
11.0,0.7830434441566467
11.0,0.3668490648269653
11.0,0.1488253623247146
11.0,0.6818844079971313
11.0,0.843279242515564
11.0,0.7932763695716858
11.0,0.5032745599746704
11.0,0.7786164283752441
11.0,0.8724778890609741
11.0,0.4890553653240204
11.0,0.5632529854774475
11.0,0.7738029956817627
11.0,0.822074294090271
11.0,0.8963173627853394
11.0,0.7938384413719177
11.0,0.8326966762542725
11.0,0.8689490556716919
11.0,0.7267375588417053
11.0,0.7611600756645203
11.0,0.7389907240867615
11.0,0.6895132064819336
11.0,0.3012380301952362
11.0,0.8953701257705688
11.0,0.8257068395614624
11.0,0.7890838384628296
11.0,0.4093781411647796
11.0,0.8881373405456543
11.0,0.8240339756011963
11.0,0.8839468955993652
11.0,0.1889597624540329
11.0,0.788472592830658
11.0,0.7385154962539673
11.0,0.3863820135593414
11.0,0.870380163192749
11.0,0.7241268754005432
11.0,0.5380861163139343
11.0,0.5535170435905457
11.0,0.6520731449127197
11.0,0.6716969013214111
11.0,0.7280259728431702
11.0,0.6864043474197388
11.0,0.704708993434906
11.0,0.5680164098739624
11.0,0.9167318344116212
11.0,0.627032995223999
11.0,0.8743417859077454
12.0,0.7171086072921753
12.0,0.8489217758178711
12.0,0.5347647666931152
12.0,0.8414029479026794
12.0,0.702009916305542
12.0,0.8057761788368225
12.0,0.8048769235610962
12.0,0.7980280518531799
12.0,0.8333708643913269
12.0,0.8466750979423523
12.0,0.8331529498100281
12.0,0.1779328435659408
12.0,0.7663833498954773
12.0,0.818525493144989
12.0,0.8253889679908752
12.0,0.7101753354072571
12.0,0.8817397356033325
12.0,0.8942996263504028
12.0,0.420913428068161
12.0,0.601227879524231
12.0,0.7266288995742798
12.0,0.8435426354408264
12.0,0.698788046836853
12.0,0.8685283660888672
12.0,0.8099945187568665
12.0,0.3218937218189239
12.0,0.7216401696205139
12.0,0.6077350378036499
12.0,0.73070228099823
12.0,0.7384034991264343
12.0,0.7475925087928772
12.0,0.7556003332138062
12.0,0.7592265605926514
12.0,0.7177171111106873
12.0,0.7589754462242126
12.0,0.5749905705451965
12.0,0.842827558517456
12.0,0.7393590807914734
12.0,0.7472273707389832
12.0,0.796502411365509
12.0,0.7156994938850403
12.0,0.8796473145484924
12.0,0.732873797416687
12.0,0.7813723683357239
12.0,0.7947981953620911
12.0,0.7782643437385559
12.0,0.3904779851436615
12.0,0.7952759861946106
12.0,0.1427180618047714
12.0,0.7317689061164856
12.0,0.6103436946868896
12.0,0.9051499962806702
12.0,0.7300412654876709
12.0,0.7715420126914978
12.0,0.7113288640975952
12.0,0.8470274209976196
12.0,0.7580731511116028
12.0,0.8457399010658264
12.0,0.673378050327301
12.0,0.8895804286003113
12.0,0.3830971717834472
12.0,0.5561622381210327
12.0,0.7919239401817322
12.0,0.6222464442253113
12.0,0.4738893806934356
12.0,0.525323748588562
12.0,0.585291862487793
12.0,4.1425021746199775e-10
12.0,0.8488771915435791
12.0,0.8010748028755188
12.0,0.7313190698623657
12.0,0.905083179473877
12.0,0.7778176665306091
12.0,0.7339197397232056
12.0,0.823311984539032
12.0,0.726632297039032
12.0,0.8231052756309509
12.0,0.9016688466072084
12.0,0.8494190573692322
12.0,0.8246936798095703
12.0,0.3600482940673828
12.0,0.8078201413154602
12.0,0.8043320178985596
12.0,0.8548330068588257
12.0,0.3622486591339111
12.0,0.8640795350074768
12.0,0.6748212575912476
12.0,0.7968321442604065
12.0,0.7376050353050232
12.0,0.5389449596405029
12.0,0.8443722128868103
12.0,0.5533549189567566
12.0,0.8263224363327026
12.0,0.9157028794288636
12.0,0.8733754754066467
12.0,0.3850906193256378
12.0,0.8175613880157471
12.0,0.8881828784942627
12.0,0.6874714493751526
12.0,0.8430455923080444
13.0,0.8802095055580139
13.0,0.7617791295051575
13.0,0.8455263376235962
13.0,4.1425021746199775e-10
13.0,0.3542742431163788
13.0,0.8453148603439331
13.0,0.6797575354576111
13.0,0.8726774454116821
13.0,0.8819088935852051
13.0,0.8151748180389404
13.0,0.8529037237167358
13.0,0.8655081987380981
13.0,0.7573782205581665
13.0,0.6565583348274231
13.0,0.9011226296424866
13.0,0.7807345986366272
13.0,0.9033768773078918
13.0,0.8756782412528992
13.0,0.846381425857544
13.0,0.5490971207618713
13.0,0.835952877998352
13.0,0.9085119366645812
13.0,0.7656956315040588
13.0,0.730251133441925
13.0,0.917474627494812
13.0,0.8394331336021423
13.0,0.6968380808830261
13.0,0.7250509262084961
13.0,0.7782737016677856
13.0,0.7385693788528442
13.0,0.7240085005760193
13.0,0.5930023193359375
13.0,0.9077007174491882
13.0,0.8023080229759216
13.0,0.4565358161926269
13.0,0.4677682220935821
13.0,0.4642857015132904
13.0,0.8941885232925415
13.0,0.7831786870956421
13.0,0.7660367488861084
13.0,0.8805119395256042
13.0,0.5530327558517456
13.0,0.7085260152816772
13.0,0.7254511117935181
13.0,0.8481942415237427
13.0,0.8494954705238342
13.0,0.8914027214050293
13.0,0.7576331496238708
13.0,0.8836596608161926
13.0,0.90740168094635
13.0,0.8173069953918457
13.0,0.8899550437927246
13.0,0.7522585391998291
13.0,0.5791773796081543
13.0,0.7103701829910278
13.0,0.8773539662361145
13.0,0.8624676465988159
13.0,0.6745499968528748
13.0,0.8430353403091431
13.0,0.8761835098266602
13.0,0.8845639824867249
13.0,0.7301489114761353
13.0,0.1090686246752739
13.0,0.4828455448150635
13.0,0.8993546366691589
13.0,0.8225520849227905
13.0,0.5574920177459717
13.0,0.788937509059906
13.0,0.7778641581535339
13.0,0.6644691228866577
13.0,0.3808737695217132
13.0,0.7354688048362732
13.0,0.8849486112594604
13.0,0.8482228517532349
13.0,0.9025618433952332
13.0,0.7650104761123657
13.0,0.7979003190994263
13.0,0.8179600834846497
13.0,0.8763924837112427
13.0,0.8330342769622803
13.0,0.8865888118743896
13.0,0.7351643443107605
13.0,0.8433666825294495
13.0,0.5600712299346924
13.0,0.8404967784881592
13.0,0.9219545722007751
13.0,0.7755969166755676
13.0,0.8567295074462891
13.0,0.8659437894821167
13.0,0.7257383465766907
13.0,0.6224371790885925
13.0,0.3258189857006073
13.0,0.5256944298744202
13.0,0.6829441785812378
13.0,0.7483134865760803
13.0,0.1758962124586105
13.0,0.8052904605865479
13.0,0.8089233636856079
13.0,0.6695269346237183
13.0,0.4713310301303863
14.0,0.7325466871261597
14.0,0.6435670256614685
14.0,0.5019766688346863
14.0,0.7890185713768005
14.0,0.8521316647529602
14.0,0.8229264616966248
14.0,0.3983779847621918
14.0,0.6789788007736206
14.0,0.7402483224868774
14.0,0.6199387907981873
14.0,0.9272255897521972
14.0,0.8712185621261597
14.0,0.7269115447998047
14.0,0.8211433291435242
14.0,0.9000930190086365
14.0,0.5456250905990601
14.0,0.8760014176368713
14.0,0.7889487147331238
14.0,0.4304756820201874
14.0,0.9216548204421996
14.0,0.6253579258918762
14.0,0.8885199427604675
14.0,0.6941599249839783
14.0,0.7915840148925781
14.0,0.8212274312973022
14.0,0.8995561003684998
14.0,0.6580074429512024
14.0,0.7914670705795288
14.0,0.9050766825675964
14.0,0.9192946553230286
14.0,0.8019068241119385
14.0,0.432648628950119
14.0,0.9180570840835572
14.0,0.7516600489616394
14.0,0.7853290438652039
14.0,4.1425021746199775e-10
14.0,0.8336314558982849
14.0,0.8929522633552551
14.0,0.8192175626754761
14.0,0.8758901357650757
14.0,0.8626378774642944
14.0,0.8874986171722412
14.0,0.830566942691803
14.0,0.8939027786254883
14.0,0.7851799726486206
14.0,0.7940775156021118
14.0,0.8006272315979004
14.0,0.1237119957804679
14.0,0.8970515131950378
14.0,0.1677806228399276
14.0,0.9217069745063782
14.0,0.7054150104522705
14.0,0.8331563472747803
14.0,0.7462542653083801
14.0,0.9189597368240356
14.0,0.7923890948295593
14.0,0.8970420360565186
14.0,0.8800674676895142
14.0,0.8807130455970764
14.0,0.828277587890625
14.0,0.715380072593689
14.0,0.7352973818778992
14.0,0.4335783421993255
14.0,0.7606187462806702
14.0,0.6274608969688416
14.0,0.8209277391433716
14.0,0.8948462605476379
14.0,0.8221155405044556
14.0,0.90147465467453
14.0,0.8403807878494263
14.0,0.552094578742981
14.0,0.3003442287445068
14.0,0.7573103308677673
14.0,0.7747551798820496
14.0,0.823376476764679
14.0,0.8049149513244629
14.0,0.6762222051620483
14.0,0.9237920641899108
14.0,0.9080039858818054
14.0,0.3914164006710052
14.0,0.8534513711929321
14.0,0.7006909251213074
14.0,0.7312237024307251
14.0,0.8791486024856567
14.0,0.7485404014587402
14.0,0.8997909426689148
14.0,0.8039530515670776
14.0,0.8710684776306152
14.0,0.4212874472141266
14.0,0.7557317018508911
14.0,0.475178986787796
14.0,0.8220129609107971
14.0,0.8309261798858643
14.0,0.9089473485946656
14.0,0.8923318386077881
14.0,0.8331878781318665
14.0,0.9196538329124452
14.0,0.9114357233047484
14.0,0.5675084590911865
14.0,0.7958979606628418
15.0,0.36971116065979
15.0,0.8838750123977661
15.0,0.9102837443351746
15.0,0.8628571629524231
15.0,0.7504661083221436
15.0,0.7996170520782471
15.0,0.8933606147766113
15.0,0.8926113843917847
15.0,0.6176539659500122
15.0,0.4834405183792114
15.0,0.8871563673019409
15.0,0.420160174369812
15.0,0.8812959790229797
15.0,0.8351364731788635
15.0,0.9346075654029846
15.0,0.7693217992782593
15.0,0.785305380821228
15.0,0.863741934299469
15.0,0.5386481285095215
15.0,0.8229761719703674
15.0,0.8099389672279358
15.0,0.8986954689025879
15.0,0.8374912142753601
15.0,0.8548929691314697
15.0,0.8927000164985657
15.0,0.6399949789047241
15.0,4.1425021746199775e-10
15.0,0.8318498730659485
15.0,0.8588727712631226
15.0,0.901725709438324
15.0,0.8163265585899353
15.0,0.7993292808532715
15.0,0.2910777628421783
15.0,0.9040103554725648
15.0,0.9040333032608032
15.0,0.6725398302078247
15.0,0.7279786467552185
15.0,0.7955714464187622
15.0,0.825387716293335
15.0,0.5658279657363892
15.0,0.8783124089241028
15.0,0.8538999557495117
15.0,0.2373256236314773
15.0,0.7549780011177063
15.0,0.8719083070755005
15.0,0.0824647918343544
15.0,0.9226118326187134
15.0,0.8242264986038208
15.0,0.5276132822036743
15.0,0.7028510570526123
15.0,0.9446887373924256
15.0,0.7836378216743469
15.0,0.6778886914253235
15.0,0.8976901173591614
15.0,0.5342105031013489
15.0,0.8220863938331604
15.0,0.8852145671844482
15.0,0.898034393787384
15.0,0.8570126891136169
15.0,0.697113037109375
15.0,1.4343086440771202e-10
15.0,0.1851138025522232
15.0,0.7224919199943542
15.0,0.930556058883667
15.0,0.880081295967102
15.0,0.809274435043335
15.0,0.4853653013706207
15.0,0.88397616147995
15.0,0.89075767993927
15.0,0.4050496816635132
15.0,0.934260070323944
15.0,0.6187689900398254
15.0,0.761877179145813
15.0,0.9333202838897704
15.0,0.7007501125335693
15.0,0.74330735206604
15.0,0.8718944787979126
15.0,0.8241198062896729
15.0,0.9172260761260986
15.0,0.8986271619796753
15.0,0.9290263652801514
15.0,0.9229792356491088
15.0,0.5857826471328735
15.0,0.9100850820541382
15.0,0.5885806679725647
15.0,0.8318820595741272
15.0,0.9211646318435668
15.0,0.8636258840560913
15.0,0.7796148657798767
15.0,0.7222204804420471
15.0,0.8735703229904175
15.0,0.8878453969955444
15.0,0.8828571438789368
15.0,0.9258129000663756
15.0,0.8572548031806946
15.0,0.8095836043357849
15.0,0.9107402563095092
15.0,0.6693814396858215
15.0,0.9341359734535216
15.0,0.8917967677116394
16.0,0.6882081627845764
16.0,0.1486978977918625
16.0,0.6585394144058228
16.0,0.8340044617652893
16.0,0.714167594909668
16.0,0.6158146262168884
16.0,0.8460707068443298
16.0,0.8740444183349609
16.0,0.7553853988647461
16.0,0.400901734828949
16.0,0.8371461629867554
16.0,0.6780124306678772
16.0,0.9020078778266908
16.0,0.8917425870895386
16.0,0.9168513417243958
16.0,0.8585169911384583
16.0,0.7509307265281677
16.0,0.8018824458122253
16.0,0.4885892570018768
16.0,0.8607768416404724
16.0,0.9369718432426452
16.0,0.8947020173072815
16.0,0.7849266529083252
16.0,0.527989387512207
16.0,0.8777589797973633
16.0,0.883634090423584
16.0,0.8577099442481995
16.0,0.84227454662323
16.0,0.8517512083053589
16.0,0.8591985106468201
16.0,0.9077490568161012
16.0,0.7912134528160095
16.0,0.5975314378738403
16.0,0.9113090634346008
16.0,0.2425415962934494
16.0,0.3767185509204864
16.0,0.8515775799751282
16.0,0.8984577059745789
16.0,0.4934272170066833
16.0,0.7237721681594849
16.0,0.717437744140625
16.0,0.8971017003059387
16.0,0.9032734632492064
16.0,0.8148852586746216
16.0,0.2377020269632339
16.0,0.8421377539634705
16.0,0.8598088026046753
16.0,0.6671276092529297
16.0,0.7436670660972595
16.0,0.429151326417923
16.0,0.728547215461731
16.0,0.8708993196487427
16.0,0.4072129428386688
16.0,0.925941288471222
16.0,0.6951203346252441
16.0,0.8943852186203003
16.0,0.7676703929901123
16.0,0.8277242183685303
16.0,0.8725115656852722
16.0,0.7861539721488953
16.0,0.9152133464813232
16.0,0.9051308035850524
16.0,0.8917462825775146
16.0,0.8142567873001099
16.0,0.9090380072593688
16.0,0.7226559519767761
16.0,0.8658736348152161
16.0,0.7694481611251831
16.0,0.8780695796012878
16.0,0.8035083413124084
16.0,0.8220201730728149
16.0,0.7901598215103149
16.0,0.8425750732421875
16.0,0.822167158126831
16.0,0.9181485772132874
16.0,0.4644117355346679
16.0,0.8149240016937256
16.0,0.7585713267326355
16.0,0.8493002653121948
16.0,0.9039737582206726
16.0,0.8825768828392029
16.0,0.7842853665351868
16.0,0.6065175533294678
16.0,0.1747409254312515
16.0,0.8216058611869812
16.0,0.9232008457183838
16.0,4.1425021746199775e-10
16.0,0.6560301780700684
16.0,0.6265011429786682
16.0,0.4623376727104187
16.0,0.8418076038360596
16.0,0.7523955702781677
16.0,0.8930618166923523
16.0,0.5948068499565125
16.0,0.7142326235771179
16.0,0.6635957956314087
16.0,0.8055336475372314
16.0,0.9063538908958436
16.0,0.8711796402931213
16.0,0.5672556757926941
17.0,0.90679270029068
17.0,0.9052510261535645
17.0,0.8792449235916138
17.0,0.7977808117866516
17.0,0.9292161464691162
17.0,0.3570095002651214
17.0,0.9384765625
17.0,0.6453707814216614
17.0,0.8397461771965027
17.0,0.8784820437431335
17.0,0.9227222204208374
17.0,0.7621322870254517
17.0,0.8984752297401428
17.0,0.9250528216362
17.0,0.6280962228775024
17.0,0.8302296996116638
17.0,0.8598469495773315
17.0,0.854767382144928
17.0,0.827706515789032
17.0,0.7821651101112366
17.0,0.6719487309455872
17.0,0.6740448474884033
17.0,0.8429856896400452
17.0,0.913113296031952
17.0,0.5755169987678528
17.0,0.8330473303794861
17.0,0.8700385093688965
17.0,0.8874821066856384
17.0,0.8651619553565979
17.0,0.2011668682098388
17.0,0.8739499449729919
17.0,0.1227345913648605
17.0,0.7490552663803101
17.0,0.2163395285606384
17.0,0.9164513945579528
17.0,0.7943127155303955
17.0,0.9057239294052124
17.0,0.8931187987327576
17.0,0.3077888786792755
17.0,0.7041392922401428
17.0,0.8583126664161682
17.0,0.9230613112449646
17.0,0.9250212907791138
17.0,0.8472694754600525
17.0,0.4051690101623535
17.0,0.6224181056022644
17.0,0.6047130227088928
17.0,0.8722253441810608
17.0,0.8533860445022583
17.0,4.1425021746199775e-10
17.0,0.9347322583198548
17.0,0.736051082611084
17.0,0.7689177393913269
17.0,0.5208333134651184
17.0,0.9017348885536194
17.0,0.8638207912445068
17.0,0.9386661648750304
17.0,0.853230893611908
17.0,0.4670456051826477
17.0,0.8393835425376892
17.0,0.5797169804573059
17.0,0.8749200105667114
17.0,0.7951295971870422
17.0,0.9178231954574584
17.0,0.5180874466896057
17.0,0.8593587279319763
17.0,0.9070426225662231
17.0,0.8263355493545532
17.0,0.7926393747329712
17.0,0.9305042028427124
17.0,0.9050973653793336
17.0,0.0209409072995185
17.0,0.5836362242698669
17.0,0.7842700481414795
17.0,0.8107931613922119
17.0,0.7396169900894165
17.0,0.8335638642311096
17.0,0.7986944317817688
17.0,0.9423279762268066
17.0,0.6079827547073364
17.0,0.887911856174469
17.0,0.8685449957847595
17.0,0.8376986384391785
17.0,0.7138231992721558
17.0,0.8297713398933411
17.0,0.7463239431381226
17.0,0.8617475032806396
17.0,0.1813438534736633
17.0,0.799307107925415
17.0,0.904411792755127
17.0,0.8767081499099731
17.0,0.8432559370994568
17.0,0.8878017067909241
17.0,0.9162335395812988
17.0,0.9136490225791932
17.0,0.8004381060600281
17.0,0.6693434715270996
17.0,0.6940661072731018
17.0,0.9035100936889648
17.0,0.4927899837493896
18.0,0.917248010635376
18.0,0.8460568785667419
18.0,0.6712570786476135
18.0,0.8872405886650085
18.0,0.7993552684783936
18.0,0.8362888693809509
18.0,0.9024890661239624
18.0,0.03270223736763
18.0,0.6832420825958252
18.0,0.8648532629013062
18.0,0.8424366116523743
18.0,0.9028826951980592
18.0,0.9340851902961732
18.0,0.918149709701538
18.0,0.7945246696472168
18.0,0.7808138132095337
18.0,0.5228212475776672
18.0,0.8890035152435303
18.0,0.7820701599121094
18.0,0.5063419342041016
18.0,0.7615569233894348
18.0,0.8176226019859314
18.0,0.9445403814315796
18.0,0.8865386843681335
18.0,0.7917374968528748
18.0,0.6139175295829773
18.0,0.7947669625282288
18.0,0.6684147715568542
18.0,0.3326222002506256
18.0,0.1668971478939056
18.0,0.3886317014694214
18.0,0.8241283297538757
18.0,0.9305261969566344
18.0,0.775478720664978
18.0,0.8530286550521851
18.0,0.826551079750061
18.0,0.6607445478439331
18.0,0.8868157863616943
18.0,0.6957186460494995
18.0,0.8406913876533508
18.0,0.8180283308029175
18.0,0.7163610458374023
18.0,0.7818330526351929
18.0,0.846027135848999
18.0,0.819541871547699
18.0,0.8631264567375183
18.0,0.8964098691940308
18.0,0.8665995597839355
18.0,0.8866721391677856
18.0,0.7777212262153625
18.0,0.6258854269981384
18.0,0.5026460289955139
18.0,0.785287082195282
18.0,0.7005837559700012
18.0,0.6223397850990295
18.0,0.5583469867706299
18.0,0.6581943035125732
18.0,0.8625954389572144
18.0,0.8528878092765808
18.0,0.9081225991249084
18.0,0.8524386882781982
18.0,0.7591090202331543
18.0,0.7918484807014465
18.0,0.7771524786949158
18.0,0.928760826587677
18.0,0.749384880065918
18.0,4.1425021746199775e-10
18.0,0.8615835309028625
18.0,0.9008888006210328
18.0,0.8162750005722046
18.0,0.8518662452697754
18.0,0.9350374341011048
18.0,0.8908271789550781
18.0,0.9185577630996704
18.0,0.2324343621730804
18.0,0.608326256275177
18.0,0.7726495862007141
18.0,0.3139483034610748
18.0,0.9257891774177552
18.0,0.8757127523422241
18.0,0.6280654072761536
18.0,0.8235582113265991
18.0,0.1607246845960617
18.0,0.8762114644050598
18.0,0.905910849571228
18.0,0.412123441696167
18.0,0.8597287535667419
18.0,0.8594491481781006
18.0,0.5744803547859192
18.0,0.7451820373535156
18.0,0.8308190107345581
18.0,0.8656764626502991
18.0,0.9284005165100098
18.0,0.7299320101737976
18.0,0.911967396736145
18.0,0.8106374144554138
18.0,0.8557807207107544
18.0,0.9081649780273438
18.0,0.8979108929634094
18.0,0.8622353076934814
19.0,0.9299882650375366
19.0,0.8144451975822449
19.0,0.8655961155891418
19.0,0.8149750232696533
19.0,0.5164394378662109
19.0,0.1732201725244522
19.0,0.8973838686943054
19.0,0.2840473353862762
19.0,0.9449082016944884
19.0,0.9092960357666016
19.0,0.8733302354812622
19.0,0.9225220084190368
19.0,0.9138915538787842
19.0,0.9097772240638732
19.0,0.8665140867233276
19.0,0.8888193964958191
19.0,0.7435165047645569
19.0,0.8304774761199951
19.0,0.901001513004303
19.0,0.5484565496444702
19.0,0.8181818127632141
19.0,0.6272689700126648
19.0,0.9208962321281432
19.0,0.7983331084251404
19.0,0.8861709237098694
19.0,0.9182295799255372
19.0,0.8807846307754517
19.0,0.5175943970680237
19.0,0.628997802734375
19.0,0.8670978546142578
19.0,0.8787447810173035
19.0,0.7410979866981506
19.0,0.3382290303707123
19.0,0.8069961071014404
19.0,0.6468207240104675
19.0,0.8010742664337158
19.0,0.892987847328186
19.0,0.8902143836021423
19.0,0.8246246576309204
19.0,0.8169795870780945
19.0,0.8139744400978088
19.0,0.7997854948043823
19.0,4.1425021746199775e-10
19.0,0.8036289215087891
19.0,0.1540447473526001
19.0,0.9038562178611756
19.0,0.7782509326934814
19.0,0.6989684700965881
19.0,0.9034372568130492
19.0,0.1427928805351257
19.0,0.4194691777229309
19.0,0.7942741513252258
19.0,0.8617647290229797
19.0,0.881012499332428
19.0,0.9014997482299804
19.0,0.8468413352966309
19.0,0.909007966518402
19.0,0.6352201104164124
19.0,0.9247661828994752
19.0,0.8785849213600159
19.0,0.7772640585899353
19.0,0.8235188126564026
19.0,0.7158098816871643
19.0,0.6472299695014954
19.0,0.8848839998245239
19.0,0.9382216334342957
19.0,0.801612138748169
19.0,0.7647889256477356
19.0,0.8267624378204346
19.0,0.881716787815094
19.0,0.9041649103164672
19.0,0.8664728999137878
19.0,0.8646752238273621
19.0,0.8485456109046936
19.0,0.7268733382225037
19.0,0.8644946217536926
19.0,0.9213002324104308
19.0,0.8171150088310242
19.0,0.9330615401268004
19.0,0.929341197013855
19.0,0.9126579761505128
19.0,0.8320092558860779
19.0,0.7414596676826477
19.0,0.8386276960372925
19.0,0.8111107349395752
19.0,0.7077447772026062
19.0,0.5563443899154663
19.0,0.2946013808250427
19.0,0.8387336730957031
19.0,0.2714661657810211
19.0,0.7468885183334351
19.0,0.6802420020103455
19.0,0.7943589687347412
19.0,0.6474823355674744
19.0,0.8497409224510193
19.0,0.7765262126922607
19.0,0.8395794630050659
19.0,0.6984219551086426
19.0,0.7093960642814636
19.0,0.6369885206222534
20.0,0.8184040188789368
20.0,0.8949002027511597
20.0,0.8471235632896423
20.0,0.9221387505531312
20.0,0.8072080016136169
20.0,0.9140173196792604
20.0,0.2373961955308914
20.0,0.9037948250770568
20.0,0.7222689390182495
20.0,0.8753889203071594
20.0,0.9115703105926514
20.0,0.913228452205658
20.0,0.3919479250907898
20.0,0.9208515286445618
20.0,1.4343086440771202e-10
20.0,0.7746043801307678
20.0,0.860887348651886
20.0,0.8390569686889648
20.0,0.8281307816505432
20.0,0.8680546283721924
20.0,0.7310121655464172
20.0,0.8524125814437866
20.0,0.9197680950164796
20.0,0.5476964116096497
20.0,0.8408278226852417
20.0,0.4092435240745544
20.0,0.8016602396965027
20.0,0.9306263327598572
20.0,0.8821457624435425
20.0,0.8746968507766724
20.0,0.8456087708473206
20.0,0.8428097367286682
20.0,0.7595436573028564
20.0,0.3482462167739868
20.0,0.809531033039093
20.0,0.6743792295455933
20.0,0.7438763976097107
20.0,0.7556846737861633
20.0,0.935261607170105
20.0,0.8337551951408386
20.0,0.8598760962486267
20.0,0.825343132019043
20.0,0.910037100315094
20.0,0.933385968208313
20.0,0.5566393136978149
20.0,0.8794091939926147
20.0,0.5502541661262512
20.0,0.9226162433624268
20.0,0.656029462814331
20.0,0.8094868659973145
20.0,0.7174467444419861
20.0,0.89614337682724
20.0,0.9151052832603456
20.0,0.9056338667869568
20.0,0.7453027367591858
20.0,0.8663307428359985
20.0,0.3912482857704162
20.0,0.9053236246109008
20.0,0.6588915586471558
20.0,0.4821670055389404
20.0,0.3992133736610412
20.0,0.8526957035064697
20.0,0.7941717505455017
20.0,0.68123859167099
20.0,0.8696147799491882
20.0,0.5488990545272827
20.0,0.8493319153785706
20.0,0.8709792494773865
20.0,0.8454731702804565
20.0,0.8276666402816772
20.0,0.658519983291626
20.0,0.8233042359352112
20.0,0.7063484787940979
20.0,0.6148390173912048
20.0,0.8135475516319275
20.0,0.9300978779792786
20.0,0.8349889516830444
20.0,0.9052013158798218
20.0,0.6439377069473267
20.0,0.8208559155464172
20.0,0.8985037803649902
20.0,0.817051351070404
20.0,0.9065880179405212
20.0,0.8509001731872559
20.0,0.733165442943573
20.0,0.7652899622917175
20.0,0.7089036107063293
20.0,0.8524096608161926
20.0,0.1432835757732391
20.0,0.9428839683532716
20.0,0.8394824266433716
20.0,4.1425021746199775e-10
20.0,0.8954142928123474
20.0,0.9340522885322572
20.0,0.7964509129524231
20.0,0.9094459414482116
20.0,0.8868837356567383
20.0,0.1682037115097046
20.0,0.918586790561676
20.0,0.9285986423492432
21.0,0.7592438459396362
21.0,0.7035769820213318
21.0,0.7554983496665955
21.0,0.4089668989181518
21.0,0.872418224811554
21.0,0.8829392194747925
21.0,0.8417000770568848
21.0,0.9241676330566406
21.0,0.7597272396087646
21.0,0.7882562279701233
21.0,0.9231700897216796
21.0,0.8363031148910522
21.0,0.929445743560791
21.0,0.7356211543083191
21.0,0.8965577483177185
21.0,0.1797086000442505
21.0,0.9079631567001344
21.0,0.92149555683136
21.0,0.8717948794364929
21.0,0.774820864200592
21.0,0.9058628678321838
21.0,0.8986160159111023
21.0,0.7820512652397156
21.0,0.7637240290641785
21.0,0.540328323841095
21.0,0.8090209364891052
21.0,0.9299232959747314
21.0,0.7388830184936523
21.0,0.8728732466697693
21.0,0.8895761966705322
21.0,0.888856053352356
21.0,0.865492045879364
21.0,0.859642744064331
21.0,0.7873205542564392
21.0,0.8579281568527222
21.0,0.4426069259643554
21.0,0.9138382077217102
21.0,0.9193344712257384
21.0,0.7738632559776306
21.0,0.904427409172058
21.0,0.6703822016716003
21.0,0.1767515987157821
21.0,0.7278751134872437
21.0,0.7804772853851318
21.0,0.9368932247161864
21.0,0.5597108006477356
21.0,0.9215267896652222
21.0,0.236102283000946
21.0,0.8264829516410828
21.0,0.9127273559570312
21.0,0.8098633885383606
21.0,0.8798782825469971
21.0,0.813973069190979
21.0,0.8385612964630127
21.0,0.7270621657371521
21.0,0.4085634052753448
21.0,0.7454276084899902
21.0,0.3123924136161804
21.0,0.8067595958709717
21.0,0.8044233322143555
21.0,0.8438710570335388
21.0,0.9082874059677124
21.0,0.9028182625770568
21.0,0.8198556303977966
21.0,0.814965546131134
21.0,0.8308723568916321
21.0,0.7907471656799316
21.0,0.9471766948699952
21.0,0.6874172687530518
21.0,0.6353573799133301
21.0,4.1425021746199775e-10
21.0,0.8037903308868408
21.0,0.9017318487167358
21.0,0.8476587533950806
21.0,0.7902328968048096
21.0,0.8946877121925354
21.0,0.8733068704605103
21.0,0.6368268728256226
21.0,0.917789340019226
21.0,0.8997779488563538
21.0,0.8082524538040161
21.0,0.5160767436027527
21.0,0.4086726307868957
21.0,0.7454326748847961
21.0,0.6365038752555847
21.0,0.4950391948223114
21.0,0.8922832012176514
21.0,0.5501921772956848
21.0,0.8144648671150208
21.0,0.6021499037742615
21.0,0.8690490126609802
21.0,0.7974938750267029
21.0,0.8040748834609985
21.0,0.8671364188194275
21.0,0.924980878829956
21.0,0.6915691494941711
21.0,0.8207841515541077
21.0,0.8938193321228027
21.0,0.6390680074691772
21.0,0.9212272763252258
22.0,0.7329302430152893
22.0,0.9188540577888488
22.0,0.6745055913925171
22.0,0.8052813410758972
22.0,0.7971810698509216
22.0,0.8665643930435181
22.0,0.9201371669769288
22.0,0.8346288800239563
22.0,0.8133112788200378
22.0,0.9077194929122924
22.0,0.8055134415626526
22.0,0.9193519353866576
22.0,0.849376380443573
22.0,0.7832227349281311
22.0,0.8135850429534912
22.0,0.8400560617446899
22.0,0.8932014107704163
22.0,0.8641086220741272
22.0,0.8861899375915527
22.0,0.6091156601905823
22.0,0.6224279403686523
22.0,0.9378367066383362
22.0,0.8764951229095459
22.0,0.7731808423995972
22.0,0.6269938945770264
22.0,0.1833899468183517
22.0,0.2985683679580688
22.0,0.8467966914176941
22.0,0.8826107382774353
22.0,0.8968020677566528
22.0,4.1425021746199775e-10
22.0,0.9134277701377868
22.0,0.6922959685325623
22.0,0.8175901174545288
22.0,0.8822533488273621
22.0,0.9060232043266296
22.0,0.9314325451850892
22.0,0.8477071523666382
22.0,0.5124026536941528
22.0,0.9281530976295472
22.0,0.6172424554824829
22.0,0.8758005499839783
22.0,0.8153703212738037
22.0,0.8534680604934692
22.0,0.9098834991455078
22.0,0.8227996230125427
22.0,0.901960790157318
22.0,0.8816521167755127
22.0,0.2030724287033081
22.0,0.2075444608926773
22.0,0.703889787197113
22.0,0.7466686367988586
22.0,0.8891454935073853
22.0,0.9270861148834229
22.0,0.8199968934059143
22.0,0.9453165531158448
22.0,0.800759494304657
22.0,0.5414328575134277
22.0,0.9153072237968444
22.0,0.6567061543464661
22.0,0.9199376702308656
22.0,0.8364676237106323
22.0,0.8299353718757629
22.0,0.7802435755729675
22.0,0.929618775844574
22.0,0.7682734131813049
22.0,0.649402379989624
22.0,0.8007284998893738
22.0,0.8900176286697388
22.0,0.8680791854858398
22.0,0.867033064365387
22.0,0.9059986472129822
22.0,0.3615823686122894
22.0,0.7106569409370422
22.0,0.9349980354309082
22.0,0.7973328828811646
22.0,0.9406766295433044
22.0,0.946415364742279
22.0,0.8818809986114502
22.0,0.8316861987113953
22.0,0.4688151776790619
22.0,0.9244016408920288
22.0,0.8849573135375977
22.0,0.8383057117462158
22.0,0.5585319995880127
22.0,0.7797570824623108
22.0,0.144203707575798
22.0,0.6681900024414062
22.0,0.8791437149047852
22.0,0.7044416069984436
22.0,0.9214521646499634
22.0,0.4843200743198395
22.0,0.7687920331954956
22.0,0.8399825692176819
22.0,0.2542954981327057
22.0,0.927764892578125
22.0,0.8763392567634583
22.0,0.8587741851806641
22.0,0.8445223569869995
22.0,0.4197101294994354
23.0,0.7132825255393982
23.0,0.3843359351158142
23.0,0.8011581301689148
23.0,0.6575238108634949
23.0,0.8758243918418884
23.0,0.7716193199157715
23.0,0.8180897235870361
23.0,0.904483437538147
23.0,0.2984794676303863
23.0,0.91499525308609
23.0,0.8861250281333923
23.0,0.8765944838523865
23.0,0.7587341070175171
23.0,0.876399576663971
23.0,0.9208467602729796
23.0,0.8120728135108948
23.0,0.7994598746299744
23.0,0.7964601516723633
23.0,0.1355428099632263
23.0,0.9183764457702636
23.0,0.8925555348396301
23.0,0.9137005805969238
23.0,0.5166631937026978
23.0,0.8459542393684387
23.0,0.6238487958908081
23.0,0.8095231056213379
23.0,0.8193728923797607
23.0,0.7471003532409668
23.0,0.928361475467682
23.0,0.9361695051193236
23.0,0.6543803811073303
23.0,0.7526143789291382
23.0,0.9008349180221558
23.0,0.8046287298202515
23.0,0.8094726800918579
23.0,0.9317095875740052
23.0,0.1734149754047393
23.0,0.822637677192688
23.0,0.8930551409721375
23.0,0.8580188155174255
23.0,0.9094665050506592
23.0,0.8900184035301208
23.0,0.8095786571502686
23.0,0.914787769317627
23.0,0.9040447473526
23.0,0.9236804842948914
23.0,0.6451555490493774
23.0,0.8389561772346497
23.0,0.9007670879364014
23.0,0.6444694995880127
23.0,0.8297781944274902
23.0,0.817951500415802
23.0,0.8236894607543945
23.0,0.8363073468208313
23.0,0.8902996182441711
23.0,0.7895126342773438
23.0,0.8098052740097046
23.0,0.9049731492996216
23.0,0.9299355149269104
23.0,0.9130420088768004
23.0,0.7434182167053223
23.0,4.1425021746199775e-10
23.0,0.8939598798751831
23.0,0.5888893604278564
23.0,0.7772313356399536
23.0,0.7354418635368347
23.0,0.4216259121894836
23.0,0.865862250328064
23.0,0.5958674550056458
23.0,0.9257646799087524
23.0,0.8711710572242737
23.0,0.9211056232452391
23.0,0.7488856315612793
23.0,0.4630468487739563
23.0,0.6784214973449707
23.0,0.7517279386520386
23.0,0.2891758978366852
23.0,0.902008593082428
23.0,0.8867660164833069
23.0,0.9456319212913512
23.0,0.6866533160209656
23.0,0.6687130331993103
23.0,0.5323442816734314
23.0,0.8797897696495056
23.0,0.8269157409667969
23.0,0.9077274799346924
23.0,0.8605929613113403
23.0,0.8330155611038208
23.0,0.4787783324718475
23.0,0.9041517972946168
23.0,0.4141282141208648
23.0,0.7909910082817078
23.0,0.8184462785720825
23.0,0.8325243592262268
23.0,0.9299296140670776
23.0,0.7969520688056946
23.0,0.8303725719451904
23.0,0.803490161895752
23.0,0.399347186088562
23.0,0.8700538873672485
24.0,0.5198689103126526
24.0,0.9171435236930848
24.0,0.8252047896385193
24.0,0.8631911277770996
24.0,0.7360423803329468
24.0,0.8177323341369629
24.0,0.1350661069154739
24.0,0.9235140681266784
24.0,0.9172421097755432
24.0,0.8043385744094849
24.0,0.1782569289207458
24.0,0.4782803058624267
24.0,0.9052981734275818
24.0,0.8891453742980957
24.0,0.9162049889564514
24.0,0.9172816276550292
24.0,0.67136150598526
24.0,0.7102885246276855
24.0,0.2347485423088073
24.0,0.8305469751358032
24.0,0.9306424260139464
24.0,0.9442442059516908
24.0,0.8607733249664307
24.0,0.8940983414649963
24.0,0.4637664556503296
24.0,0.8263059258460999
24.0,0.9242453575134276
24.0,0.7652826309204102
24.0,0.7875121831893921
24.0,0.9334573149681092
24.0,0.3852680325508117
24.0,0.9097890853881836
24.0,0.9231438040733336
24.0,0.7509623765945435
24.0,0.658886730670929
24.0,0.8750659823417664
24.0,0.8692489862442017
24.0,0.8072318434715271
24.0,0.7627992033958435
24.0,0.8362247347831726
24.0,0.881758451461792
24.0,0.8778219819068909
24.0,0.8793699145317078
24.0,0.7577676177024841
24.0,0.6708294749259949
24.0,4.1425021746199775e-10
24.0,0.7461222410202026
24.0,0.9100183844566344
24.0,0.9376567602157592
24.0,0.6930232644081116
24.0,0.440437376499176
24.0,0.8193501830101013
24.0,0.7367842793464661
24.0,0.8158236145973206
24.0,0.8536474704742432
24.0,0.7702015042304993
24.0,0.7524421811103821
24.0,0.8520289063453674
24.0,0.8586355447769165
24.0,0.5774901509284973
24.0,0.9112160801887512
24.0,0.935946524143219
24.0,0.7889539003372192
24.0,0.8699581027030945
24.0,0.8675804138183594
24.0,0.8185774683952332
24.0,0.9358872771263124
24.0,0.8407776355743408
24.0,0.9024688601493835
24.0,0.8406094312667847
24.0,0.635863184928894
24.0,0.7685356140136719
24.0,0.934530794620514
24.0,0.9329378008842468
24.0,0.8703186511993408
24.0,0.6278479099273682
24.0,0.8845109343528748
24.0,0.8730863332748413
24.0,0.8541635274887085
24.0,0.4003241062164306
24.0,0.8300102949142456
24.0,0.9022387862205504
24.0,0.8292656540870667
24.0,0.7178740501403809
24.0,0.2594664394855499
24.0,0.8851444721221924
24.0,0.9295902252197266
24.0,0.8351485729217529
24.0,0.5038253664970398
24.0,0.9368646144866944
24.0,0.901950180530548
24.0,0.3303697407245636
24.0,0.4598704576492309
24.0,0.9105858206748962
24.0,0.7571170926094055
24.0,0.8546935319900513
24.0,0.8798572421073914
24.0,0.9262858629226683
24.0,0.8924440741539001
24.0,0.742310643196106
25.0,0.8783000111579895
25.0,0.8730176091194153
25.0,0.7015476226806641
25.0,0.8857061266899109
25.0,0.8601560592651367
25.0,0.404093861579895
25.0,0.8270872235298157
25.0,0.8264223337173462
25.0,0.8008142709732056
25.0,0.9136518836021424
25.0,0.8535379767417908
25.0,0.4210032224655151
25.0,0.8605186939239502
25.0,0.7890764474868774
25.0,0.0988488122820854
25.0,0.7501430511474609
25.0,4.1425021746199775e-10
25.0,0.8924807906150818
25.0,0.4092811346054077
25.0,0.691316545009613
25.0,0.3990255892276764
25.0,0.8509135842323303
25.0,0.9137876629829408
25.0,0.9178828597068788
25.0,0.6409507393836975
25.0,0.7311904430389404
25.0,0.8257575631141663
25.0,0.9022620320320128
25.0,0.8464961051940918
25.0,0.9444968700408936
25.0,0.8857030868530273
25.0,0.8879615068435669
25.0,0.8923578858375549
25.0,0.8032793402671814
25.0,0.2609460949897766
25.0,0.9050630927085876
25.0,0.8251687288284302
25.0,0.7617869973182678
25.0,0.8094966411590576
25.0,0.862230122089386
25.0,0.8688004612922668
25.0,0.9355096817016602
25.0,0.8525656461715698
25.0,0.7056329250335693
25.0,0.9441670179367064
25.0,0.7725344896316528
25.0,0.8417575359344482
25.0,0.8306819796562195
25.0,0.5087593197822571
25.0,0.8181080222129822
25.0,0.886715829372406
25.0,0.932129442691803
25.0,0.7852855324745178
25.0,0.7973454594612122
25.0,0.8885099291801453
25.0,0.8370184302330017
25.0,0.730857789516449
25.0,0.8074202537536621
25.0,0.6875
25.0,0.9303776621818542
25.0,0.9251693487167358
25.0,0.9012874960899352
25.0,0.5688857436180115
25.0,0.4641802906990051
25.0,0.921899139881134
25.0,0.8790594935417175
25.0,0.8992933034896851
25.0,0.6997802257537842
25.0,0.9268030524253844
25.0,0.9178552031517028
25.0,0.898007333278656
25.0,0.9161502718925476
25.0,0.9167761206626892
25.0,0.9355664849281312
25.0,0.3797807097434997
25.0,0.9347829222679138
25.0,0.8778699636459351
25.0,0.2683087587356567
25.0,0.8581430912017822
25.0,0.9220042824745178
25.0,0.2154331654310226
25.0,0.8270527720451355
25.0,0.6910626888275146
25.0,0.8457462787628174
25.0,0.923592448234558
25.0,0.8424882292747498
25.0,0.770087480545044
25.0,0.8772174715995789
25.0,0.6790333986282349
25.0,0.9359135031700134
25.0,0.9156163334846495
25.0,0.8853936195373535
25.0,0.8101230263710022
25.0,0.8600691556930542
25.0,0.1736555993556976
25.0,0.8570085763931274
25.0,0.6528118252754211
25.0,0.7072914838790894
25.0,0.8128558993339539
25.0,0.9516137838363647
26.0,0.7569293975830078
26.0,0.8546409010887146
26.0,0.878432035446167
26.0,0.7973577380180359
26.0,0.8618727326393127
26.0,0.7964415550231934
26.0,0.8289514183998108
26.0,0.8899272680282593
26.0,0.4557126760482788
26.0,0.5716428160667419
26.0,0.934181034564972
26.0,0.8617731332778931
26.0,0.9452322125434875
26.0,0.1091032847762107
26.0,0.8135718107223511
26.0,0.3217171430587768
26.0,0.4139503836631775
26.0,0.8440690636634827
26.0,0.9176658391952516
26.0,0.6770833134651184
26.0,0.8900387287139893
26.0,0.9264488220214844
26.0,0.7084233164787292
26.0,0.932866871356964
26.0,0.903433918952942
26.0,0.9303553700447084
26.0,0.8343043923377991
26.0,0.8551992177963257
26.0,0.317288726568222
26.0,0.8903278112411499
26.0,0.8373281359672546
26.0,0.927140176296234
26.0,0.678525984287262
26.0,0.8568792939186096
26.0,0.6145557165145874
26.0,0.888380765914917
26.0,0.6781063675880432
26.0,0.9196981191635132
26.0,0.589490532875061
26.0,0.2489707618951797
26.0,0.7497282028198242
26.0,0.5757191181182861
26.0,0.7715536952018738
26.0,0.8425796627998352
26.0,0.8253496885299683
26.0,0.9412573575973512
26.0,0.8421467542648315
26.0,0.8477556705474854
26.0,0.8719072937965393
26.0,0.7717611193656921
26.0,0.9141188859939576
26.0,0.7112889289855957
26.0,0.2487865537405014
26.0,0.9011204838752748
26.0,0.9150407910346984
26.0,0.888244092464447
26.0,0.8771788477897644
26.0,0.4877206981182098
26.0,0.8753872513771057
26.0,0.801995038986206
26.0,4.1425021746199775e-10
26.0,0.9069555997848512
26.0,0.7776271104812622
26.0,0.8781366944313049
26.0,0.8273500204086304
26.0,0.936070203781128
26.0,0.181075170636177
26.0,0.9173086881637572
26.0,0.9218730926513672
26.0,0.8998887538909912
26.0,0.8225598335266113
26.0,0.824442446231842
26.0,0.7575364112854004
26.0,0.856390118598938
26.0,0.8842820525169373
26.0,0.8954194188117981
26.0,0.9320959448814392
26.0,0.8716344237327576
26.0,0.8704057335853577
26.0,0.8714844584465027
26.0,0.6715167760848999
26.0,0.9228394031524658
26.0,0.8299598693847656
26.0,0.9181845784187316
26.0,0.8436601758003235
26.0,0.9298508167266846
26.0,0.8515251874923706
26.0,0.8148759007453918
26.0,0.6643719673156738
26.0,0.8714285492897034
26.0,0.9349658489227296
26.0,0.4158490300178528
26.0,0.8789277076721191
26.0,0.8322781324386597
26.0,0.4656857848167419
26.0,0.7953566908836365
26.0,0.0311244986951351
26.0,0.9134561419487
26.0,0.9411177635192872
26.0,0.9005415439605713
27.0,0.875688374042511
27.0,0.9136728644371032
27.0,0.9267441034317015
27.0,0.8851422667503357
27.0,0.145952433347702
27.0,0.7095112800598145
27.0,0.1719218641519546
27.0,0.5649187564849854
27.0,0.8917396068572998
27.0,0.6628357768058777
27.0,0.8448234796524048
27.0,0.9070528745651244
27.0,0.9211285710334778
27.0,0.9118163585662842
27.0,0.6150834560394287
27.0,0.681218147277832
27.0,0.9165312051773072
27.0,0.2079618275165558
27.0,0.8244328498840332
27.0,0.6906432509422302
27.0,0.8877252340316772
27.0,0.8387096524238586
27.0,0.9034711122512816
27.0,0.931320071220398
27.0,0.7886661887168884
27.0,0.8307976126670837
27.0,0.6419981718063354
27.0,0.8371211290359497
27.0,0.9399355053901672
27.0,0.7635619044303894
27.0,0.8452500700950623
27.0,0.7676999568939209
27.0,0.770148754119873
27.0,0.2240760177373886
27.0,0.6556650400161743
27.0,0.9122578501701356
27.0,0.940324068069458
27.0,0.8342261910438538
27.0,0.852451503276825
27.0,0.8798127174377441
27.0,0.915340006351471
27.0,0.8998811841011047
27.0,0.189882755279541
27.0,0.8634146451950073
27.0,0.8704134225845337
27.0,0.8364948630332947
27.0,0.8757632970809937
27.0,0.8531882762908936
27.0,0.8474140763282776
27.0,0.9211344718933104
27.0,0.8063797950744629
27.0,0.7828255891799927
27.0,0.8461145758628845
27.0,0.691234290599823
27.0,0.7805858254432678
27.0,0.8444482088088989
27.0,0.9112628102302552
27.0,0.4729151427745819
27.0,0.8719863295555115
27.0,0.919054388999939
27.0,0.6685790419578552
27.0,0.530333936214447
27.0,0.8435077667236328
27.0,0.6794167160987854
27.0,0.8986619710922241
27.0,0.9327108860015868
27.0,4.1425021746199775e-10
27.0,0.8050867915153503
27.0,0.411179631948471
27.0,0.41324582695961
27.0,0.4726858139038086
27.0,0.8847261667251587
27.0,1.4343086440771202e-10
27.0,0.8576850891113281
27.0,0.916266918182373
27.0,0.9099884033203124
27.0,0.8259966373443604
27.0,0.8099165558815002
27.0,0.8827240467071533
27.0,0.9326655268669128
27.0,0.7165170311927795
27.0,0.4054480791091919
27.0,0.809701144695282
27.0,0.9339964985847472
27.0,0.9203930497169496
27.0,0.9188636541366576
27.0,0.7563660144805908
27.0,0.4957087337970733
27.0,0.8219502568244934
27.0,0.9166565537452698
27.0,0.8823164105415344
27.0,0.371584802865982
27.0,0.9015977382659912
27.0,0.8004576563835144
27.0,0.8492364287376404
27.0,0.7912188172340393
27.0,0.8474807739257812
27.0,0.8908761739730835
27.0,0.8285714387893677
27.0,0.8723334670066833
28.0,0.8472816944122314
28.0,0.7902001142501831
28.0,0.8846297264099121
28.0,0.5341766476631165
28.0,0.8671993017196655
28.0,0.4927003979682922
28.0,0.8847325444221497
28.0,0.5272316932678223
28.0,0.8557318449020386
28.0,0.8618237972259521
28.0,0.4439409971237182
28.0,0.9385675191879272
28.0,0.7920210957527161
28.0,0.9329739212989808
28.0,0.9144076108932496
28.0,0.9050700664520264
28.0,0.6943601965904236
28.0,0.7944180965423584
28.0,0.8883275985717773
28.0,0.9025190472602844
28.0,0.6215795278549194
28.0,0.7345927953720093
28.0,0.2177973091602325
28.0,0.915522277355194
28.0,0.9232292175292968
28.0,0.668012261390686
28.0,0.23116996884346
28.0,0.8104760050773621
28.0,0.8028935790061951
28.0,0.7899163961410522
28.0,0.8323411345481873
28.0,0.7067585587501526
28.0,0.8543298244476318
28.0,0.1649131029844284
28.0,0.143129363656044
28.0,0.7788556814193726
28.0,0.8873879313468933
28.0,0.8428618907928467
28.0,0.9150644540786744
28.0,0.7427312135696411
28.0,0.9047537446022034
28.0,0.3236496448516845
28.0,0.8920209407806396
28.0,0.9219678044319152
28.0,0.9191036820411682
28.0,0.9137080907821656
28.0,0.8808682560920715
28.0,0.8285655975341797
28.0,0.8291411995887756
28.0,0.6031143665313721
28.0,0.928773820400238
28.0,0.9047374129295348
28.0,0.931016445159912
28.0,1.4343086440771202e-10
28.0,0.187365248799324
28.0,0.8197548985481262
28.0,0.6785301566123962
28.0,0.9311159253120422
28.0,0.915338099002838
28.0,0.9029523134231568
28.0,0.8926617503166199
28.0,0.8798912763595581
28.0,0.4135705828666687
28.0,0.9155344367027284
28.0,0.8114120960235596
28.0,0.9296185374259948
28.0,0.8755528330802917
28.0,0.8778821229934692
28.0,0.4421028196811676
28.0,4.1425021746199775e-10
28.0,0.6153846383094788
28.0,0.8988712430000305
28.0,0.8665449023246765
28.0,0.8048574924468994
28.0,0.7999448180198669
28.0,0.4218184351921081
28.0,0.936368763446808
28.0,0.9203843474388124
28.0,0.9315261840820312
28.0,0.884110689163208
28.0,0.6734206676483154
28.0,0.8973405957221985
28.0,0.8527344465255737
28.0,0.8856345415115356
28.0,0.7687476277351379
28.0,0.89682537317276
28.0,0.8665479421615601
28.0,0.8384040594100952
28.0,0.6922427415847778
28.0,0.6613972783088684
28.0,0.9173738360404968
28.0,0.8020704984664917
28.0,0.9517859816551208
28.0,0.7805642485618591
28.0,0.9187611937522888
28.0,0.8419504761695862
28.0,0.8271532654762268
28.0,0.8094074726104736
28.0,0.8378528356552124
28.0,0.9547373652458192
29.0,0.6791318655014038
29.0,0.9201287627220154
29.0,0.8484356999397278
29.0,0.8233551383018494
29.0,0.8743172287940979
29.0,0.6865653991699219
29.0,0.8953298330307007
29.0,0.8632982969284058
29.0,0.7109915018081665
29.0,0.4728554189205169
29.0,0.8539701700210571
29.0,0.7084318995475769
29.0,0.9385020136833192
29.0,0.9171547293663024
29.0,0.8701648116111755
29.0,0.7522000670433044
29.0,0.9189774990081788
29.0,0.8730035424232483
29.0,0.897890031337738
29.0,0.8649951219558716
29.0,0.1845461726188659
29.0,0.8359304666519165
29.0,0.870555579662323
29.0,0.9205790162086488
29.0,0.9175138473510742
29.0,0.8477352857589722
29.0,0.7778342366218567
29.0,0.7777255773544312
29.0,0.8663692474365234
29.0,0.1932060718536377
29.0,0.8017757534980774
29.0,0.8457006216049194
29.0,0.9405855536460876
29.0,0.5430050492286682
29.0,0.9173831939697266
29.0,0.8443397283554077
29.0,0.8418506383895874
29.0,0.92424738407135
29.0,0.8085616827011108
29.0,0.9122241139411926
29.0,0.6167620420455933
29.0,0.8813784122467041
29.0,0.8293602466583252
29.0,0.1489768773317337
29.0,0.8261187076568604
29.0,0.8621018528938293
29.0,0.4940194487571716
29.0,0.8103331923484802
29.0,0.927520513534546
29.0,0.6791707873344421
29.0,0.9295074343681335
29.0,0.7803581953048706
29.0,0.878238320350647
29.0,0.1213917732238769
29.0,0.8916305303573608
29.0,0.915249526500702
29.0,0.9211098551750184
29.0,0.891369640827179
29.0,0.4072491228580475
29.0,0.7752014398574829
29.0,0.3942961096763611
29.0,0.8433269262313843
29.0,0.7735697031021118
29.0,0.4599413275718689
29.0,0.885287880897522
29.0,0.6985925436019897
29.0,0.950610101222992
29.0,0.8945350050926208
29.0,0.6069875955581665
29.0,0.9246256351470948
29.0,0.6742092370986938
29.0,1.4343086440771202e-10
29.0,0.6697746515274048
29.0,0.8380370736122131
29.0,0.9338334798812866
29.0,0.6751197576522827
29.0,0.9139054417610168
29.0,0.8559819459915161
29.0,0.4504158794879913
29.0,0.92475026845932
29.0,0.8871244192123413
29.0,0.888536810874939
29.0,0.2253969311714172
29.0,0.7485438585281372
29.0,0.9194700717926024
29.0,0.7977882027626038
29.0,0.8843216300010681
29.0,0.8839274048805237
29.0,0.9332900643348694
29.0,0.7963544130325317
29.0,0.8412928581237793
29.0,0.8884934782981873
29.0,0.8225053548812866
29.0,4.1425021746199775e-10
29.0,0.8925296068191528
29.0,0.8542502522468567
29.0,0.934705138206482
29.0,0.830787181854248
29.0,0.8282870054244995
29.0,0.9136497974395752
30.0,0.7201480269432068
30.0,0.7763400077819824
30.0,0.8772975206375122
30.0,0.911742627620697
30.0,0.6863270998001099
30.0,0.6420219540596008
30.0,0.8915480971336365
30.0,0.8966366052627563
30.0,0.9183247685432434
30.0,0.8112674355506897
30.0,0.7869290709495544
30.0,0.7578437924385071
30.0,0.8636363744735718
30.0,0.842292845249176
30.0,0.8702889084815979
30.0,0.9323442578315736
30.0,0.8291535377502441
30.0,0.7125205993652344
30.0,0.8118270635604858
30.0,0.8942936062812805
30.0,0.8329600691795349
30.0,0.9411764740943908
30.0,0.9330230951309204
30.0,0.8862797021865845
30.0,0.1645732372999191
30.0,0.8982052206993103
30.0,0.8840558528900146
30.0,4.1425021746199775e-10
30.0,0.9086361527442932
30.0,0.832892656326294
30.0,0.6192649602890015
30.0,0.4047561287879944
30.0,0.7188214659690857
30.0,0.7812402248382568
30.0,0.7470150589942932
30.0,0.8120810389518738
30.0,0.8935737609863281
30.0,0.8960805535316467
30.0,0.5484552383422852
30.0,0.7875196933746338
30.0,0.9060764908790588
30.0,0.8843290209770203
30.0,0.8996384739875793
30.0,0.8074384927749634
30.0,0.8930001854896545
30.0,0.7719588279724121
30.0,0.4959801435470581
30.0,0.8100407123565674
30.0,0.8242858052253723
30.0,0.4135168194770813
30.0,0.7451012134552002
30.0,0.7656139135360718
30.0,0.858750581741333
30.0,0.8665287494659424
30.0,0.913792073726654
30.0,0.1913200318813324
30.0,0.8547592759132385
30.0,0.8687777519226074
30.0,0.7956379652023315
30.0,0.8024936318397522
30.0,0.8262749910354614
30.0,0.2442645132541656
30.0,0.8591729998588562
30.0,0.1613616645336151
30.0,0.8271518349647522
30.0,0.927172601222992
30.0,0.9173406362533568
30.0,0.9177493453025818
30.0,0.8892500996589661
30.0,0.9162105321884156
30.0,0.7450496554374695
30.0,0.9117593765258788
30.0,0.895027220249176
30.0,0.9069268107414246
30.0,0.8510556817054749
30.0,0.7976049780845642
30.0,0.8803361654281616
30.0,0.3909699916839599
30.0,1.4343086440771202e-10
30.0,0.4830468893051147
30.0,0.8311566114425659
30.0,0.8109735250473022
30.0,0.8256263136863708
30.0,0.9240365028381348
30.0,0.7735595107078552
30.0,0.8467074036598206
30.0,0.7622560858726501
30.0,0.7339993119239807
30.0,0.940077543258667
30.0,0.8325658440589905
30.0,0.6732423901557922
30.0,0.8938283324241638
30.0,0.6390752196311951
30.0,0.3824030756950378
30.0,0.5748192667961121
30.0,0.7090761661529541
30.0,0.5663506984710693
30.0,0.9074112176895142
30.0,0.7888751029968262
30.0,0.9347293376922609
31.0,0.8947542905807495
31.0,0.9382327795028688
31.0,0.4840794205665588
31.0,0.8548463582992554
31.0,0.8861988186836243
31.0,0.8554967641830444
31.0,0.8501202464103699
31.0,0.5649833679199219
31.0,0.9242568016052246
31.0,0.9169352650642396
31.0,0.3746650815010071
31.0,0.9450590014457704
31.0,0.1781600564718246
31.0,0.8830099701881409
31.0,0.9357027411460876
31.0,0.92451411485672
31.0,0.7821005582809448
31.0,0.1741595566272735
31.0,0.8737882971763611
31.0,0.8148043751716614
31.0,0.563879668712616
31.0,0.9217717051506042
31.0,0.6510747075080872
31.0,0.8316761255264282
31.0,0.8859061598777771
31.0,0.935330867767334
31.0,0.912298023700714
31.0,0.9224199652671814
31.0,0.8885202407836914
31.0,0.8977705240249634
31.0,0.8762257099151611
31.0,0.917302668094635
31.0,0.8934125900268555
31.0,0.8899722695350647
31.0,0.3237204253673553
31.0,0.8018445372581482
31.0,0.8094000816345215
31.0,0.6113502383232117
31.0,0.8423110842704773
31.0,0.1837211102247238
31.0,0.930764615535736
31.0,0.8872851133346558
31.0,0.9019704461097716
31.0,0.8316691517829895
31.0,0.8044785857200623
31.0,0.8055747151374817
31.0,0.8223230242729187
31.0,0.8863981366157532
31.0,0.8312520384788513
31.0,0.6807425022125244
31.0,0.934068500995636
31.0,0.9159234762191772
31.0,0.8249806761741638
31.0,0.7308679223060608
31.0,0.914428412914276
31.0,0.7655702233314514
31.0,0.4000381529331207
31.0,0.5669893026351929
31.0,0.9396467208862304
31.0,0.8631821870803833
31.0,0.9193638563156128
31.0,0.6888998746871948
31.0,0.8538795113563538
31.0,0.6985219717025757
31.0,0.7269803285598755
31.0,0.4779772162437439
31.0,0.841204047203064
31.0,0.7272175550460815
31.0,0.7747557163238525
31.0,0.922810971736908
31.0,4.1425021746199775e-10
31.0,0.4799893200397491
31.0,0.8130170106887817
31.0,0.7998484969139099
31.0,0.8301120400428772
31.0,0.9327046275138856
31.0,0.8997825980186462
31.0,0.831250786781311
31.0,0.8728349208831787
31.0,0.8644551038742065
31.0,0.6498054265975952
31.0,0.8741784691810608
31.0,0.8590683937072754
31.0,1.4343086440771202e-10
31.0,0.8299290537834167
31.0,0.7942147850990295
31.0,0.8017079830169678
31.0,0.8351196646690369
31.0,0.7644972801208496
31.0,0.8413425087928772
31.0,0.7764260768890381
31.0,0.1996906846761703
31.0,0.9172120094299316
31.0,0.8730072379112244
31.0,0.9137973785400392
31.0,0.8139352798461914
31.0,0.9166203737258912
31.0,0.8978325128555298
31.0,0.6724891662597656
31.0,0.9168701171875
32.0,0.9143023490905762
32.0,0.6100361943244934
32.0,0.8171706199645996
32.0,0.7003064155578613
32.0,0.7602785229682922
32.0,0.7889649271965027
32.0,0.4806844294071197
32.0,0.4279963076114654
32.0,0.9104436635971068
32.0,0.8334171772003174
32.0,0.7733657360076904
32.0,0.9138501286506652
32.0,0.8051439523696899
32.0,0.9367194771766664
32.0,0.9177852272987366
32.0,0.9306585788726808
32.0,0.7044250965118408
32.0,0.8772642016410828
32.0,0.8585810661315918
32.0,0.9191060066223145
32.0,0.7343809604644775
32.0,0.8217042088508606
32.0,0.4031205773353576
32.0,0.9221673011779784
32.0,0.841063916683197
32.0,0.8813398480415344
32.0,0.9041736125946044
32.0,0.8189349174499512
32.0,0.2635801136493683
32.0,0.8053590655326843
32.0,0.7898555994033813
32.0,0.1845087856054306
32.0,0.8418056964874268
32.0,0.9095510840415956
32.0,0.8917798399925232
32.0,0.6594594717025757
32.0,0.929565727710724
32.0,0.5796564221382141
32.0,1.4343086440771202e-10
32.0,0.8569656610488892
32.0,0.7033734321594238
32.0,0.8962894678115845
32.0,0.9018842577934264
32.0,0.8975356221199036
32.0,0.8838453888893127
32.0,0.1624762564897537
32.0,0.8701431751251221
32.0,0.8218234777450562
32.0,0.2306291610002517
32.0,0.9314410090446472
32.0,0.9161025285720824
32.0,0.8619158267974854
32.0,0.8712301850318909
32.0,0.8761812448501587
32.0,0.9383748769760132
32.0,0.814052164554596
32.0,0.7501561641693115
32.0,0.889885425567627
32.0,0.8341596126556396
32.0,0.7368179559707642
32.0,0.9157809615135192
32.0,4.1425021746199775e-10
32.0,0.2968781888484955
32.0,0.9282917976379396
32.0,0.829608678817749
32.0,0.9271146059036256
32.0,0.8532168865203857
32.0,0.7578409910202026
32.0,0.5903950929641724
32.0,0.8125191926956177
32.0,0.8740231394767761
32.0,0.8059569597244263
32.0,0.9069859385490416
32.0,0.7880399227142334
32.0,0.9354699850082396
32.0,0.497637540102005
32.0,0.4043756127357483
32.0,0.7854288220405579
32.0,0.7123032212257385
32.0,0.7657274603843689
32.0,0.8134257793426514
32.0,0.6497816443443298
32.0,0.910877525806427
32.0,0.4910851716995239
32.0,0.795857846736908
32.0,0.8706182241439819
32.0,0.8863352537155151
32.0,0.6408966779708862
32.0,0.9461880922317504
32.0,0.8924745917320251
32.0,0.8766876459121704
32.0,0.9370195865631104
32.0,0.8801121711730957
32.0,0.8503782153129578
32.0,0.8285632133483887
32.0,0.8464203476905823
32.0,0.9264363646507264
32.0,0.8033055663108826
32.0,0.8482726216316223
32.0,0.8713876008987427
33.0,0.8828774094581604
33.0,0.1840968281030655
33.0,0.7865665555000305
33.0,0.4975719451904297
33.0,1.4343086440771202e-10
33.0,0.8637703657150269
33.0,0.9137365818023682
33.0,0.9007946848869324
33.0,0.7841652035713196
33.0,0.8471328020095825
33.0,0.6311577558517456
33.0,0.3956022560596466
33.0,0.9392487406730652
33.0,0.7364117503166199
33.0,0.8237434029579163
33.0,0.8624254465103149
33.0,0.8804425597190857
33.0,0.3727484047412872
33.0,0.9125799536705016
33.0,0.9312459230422974
33.0,0.6538992524147034
33.0,0.8687625527381897
33.0,0.7587383985519409
33.0,0.6714282035827637
33.0,0.824296772480011
33.0,0.8970443606376648
33.0,0.9354222416877748
33.0,0.8174652457237244
33.0,0.9123734831809998
33.0,0.8448145389556885
33.0,0.8477436304092407
33.0,0.7383749485015869
33.0,0.8805248737335205
33.0,0.8114514350891113
33.0,0.8075303435325623
33.0,0.8792328238487244
33.0,0.6113743782043457
33.0,4.1425021746199775e-10
33.0,0.8866564631462097
33.0,0.8967435359954834
33.0,0.7993431687355042
33.0,0.6858196258544922
33.0,0.9388033747673036
33.0,0.8691363334655762
33.0,0.8311615586280823
33.0,0.8943734169006348
33.0,0.2607822120189667
33.0,0.7794139385223389
33.0,0.9206879138946532
33.0,0.9227307438850404
33.0,0.487057089805603
33.0,0.1272233873605728
33.0,0.8603978753089905
33.0,0.916176736354828
33.0,0.929266393184662
33.0,0.7952504754066467
33.0,0.8951247930526733
33.0,0.9284790754318236
33.0,0.914126992225647
33.0,0.8576316237449646
33.0,0.9195234179496764
33.0,0.917875111103058
33.0,0.9158012866973876
33.0,0.7306980490684509
33.0,0.8322063088417053
33.0,0.8188465237617493
33.0,0.8816921710968018
33.0,0.8272980451583862
33.0,0.8543877601623535
33.0,0.4936153292655945
33.0,0.9431169033050536
33.0,0.625054121017456
33.0,0.8717224597930908
33.0,0.3151480853557586
33.0,0.3971012234687805
33.0,0.7770121097564697
33.0,0.908129096031189
33.0,0.7036910057067871
33.0,0.9209645986557008
33.0,0.9484416842460632
33.0,0.9364160895347596
33.0,0.8230715394020081
33.0,0.7922223806381226
33.0,0.8778661489486694
33.0,0.8706372380256653
33.0,0.7411683201789856
33.0,0.9191226363182068
33.0,0.8143453001976013
33.0,0.8401020169258118
33.0,0.9345807433128356
33.0,0.9091579914093018
33.0,0.9351564049720764
33.0,0.4487062692642212
33.0,0.8877241015434265
33.0,0.6915351748466492
33.0,0.8597821593284607
33.0,0.8693143725395203
33.0,0.8070120215415955
33.0,0.8076443672180176
33.0,0.8301810622215271
34.0,0.5092304944992065
34.0,0.6381781101226807
34.0,0.7313715219497681
34.0,0.9322420954704284
34.0,0.9244881868362428
34.0,0.8701327443122864
34.0,0.8226480484008789
34.0,0.7014042735099792
34.0,0.812759518623352
34.0,0.893863320350647
34.0,0.4379950761795044
34.0,0.9061012864112854
34.0,0.7925314903259277
34.0,0.8937616944313049
34.0,0.9308779835700988
34.0,0.8898236155509949
34.0,0.9208585023880004
34.0,0.8435094952583313
34.0,0.8625739216804504
34.0,0.9291945099830629
34.0,0.8337149620056152
34.0,0.8984381556510925
34.0,0.7996430993080139
34.0,0.3799324035644531
34.0,0.8151058554649353
34.0,0.7252439260482788
34.0,0.7850146293640137
34.0,0.8388723134994507
34.0,0.9243471026420592
34.0,0.1205827891826629
34.0,0.2595572471618652
34.0,0.8825471997261047
34.0,0.8840072751045227
34.0,0.8715057969093323
34.0,0.9411401748657228
34.0,0.2662343978881836
34.0,0.876563549041748
34.0,0.8728441596031189
34.0,0.873691976070404
34.0,0.8555501103401184
34.0,1.4343086440771202e-10
34.0,0.8577847480773926
34.0,0.7985504269599915
34.0,0.8951493501663208
34.0,0.8450038433074951
34.0,0.9244633316993712
34.0,0.835507869720459
34.0,0.8891468644142151
34.0,0.8284563422203064
34.0,0.8634495735168457
34.0,0.6522937417030334
34.0,0.8394871950149536
34.0,0.9256706237792968
34.0,0.9080686569213868
34.0,0.9585596919059752
34.0,0.4878326058387756
34.0,0.5646937489509583
34.0,0.7915143966674805
34.0,0.5638166069984436
34.0,0.7201286554336548
34.0,0.920302391052246
34.0,0.9343422055244446
34.0,0.8414562940597534
34.0,0.939754068851471
34.0,0.6101576089859009
34.0,0.2122315764427185
34.0,0.8174249529838562
34.0,0.6939297914505005
34.0,0.8257918357849121
34.0,0.8775614500045776
34.0,0.8877029418945312
34.0,0.925317645072937
34.0,0.9306026697158812
34.0,0.9130660891532898
34.0,0.9270570278167723
34.0,0.5754643678665161
34.0,0.8761211037635803
34.0,0.8140080571174622
34.0,0.6628116965293884
34.0,0.9177309274673462
34.0,0.9380351901054382
34.0,0.877992570400238
34.0,0.7842639684677124
34.0,0.9222264289855956
34.0,0.8233850598335266
34.0,0.6769824028015137
34.0,0.9374144077301024
34.0,0.9134280681610109
34.0,4.1425021746199775e-10
34.0,0.408485472202301
34.0,0.7761924862861633
34.0,0.8418034315109253
34.0,0.9358853697776794
34.0,0.8182604312896729
34.0,0.874599814414978
34.0,0.8387929797172546
34.0,0.1948280930519104
34.0,0.6832950115203857
34.0,0.8746801614761353
34.0,0.6679736375808716
35.0,0.8929101228713989
35.0,0.9362988471984863
35.0,0.8963768482208252
35.0,0.8809030055999756
35.0,0.9304960370063782
35.0,0.800539493560791
35.0,0.8527018427848816
35.0,0.5065692067146301
35.0,0.8416559100151062
35.0,0.6997227668762207
35.0,0.943591296672821
35.0,0.8654434084892273
35.0,0.87307208776474
35.0,0.6156718134880066
35.0,0.6812966465950012
35.0,0.8442530632019043
35.0,1.4343086440771202e-10
35.0,0.12540549039840698
35.0,0.9172125458717346
35.0,0.7365220189094543
35.0,0.8868322968482971
35.0,0.8394289612770081
35.0,0.9191212058067322
35.0,0.7142762541770935
35.0,0.39984992146492004
35.0,0.8168144822120667
35.0,0.8959046602249146
35.0,0.8502633571624756
35.0,0.923698365688324
35.0,0.9138771891593933
35.0,0.18934865295886993
35.0,0.5127193331718445
35.0,0.818297266960144
35.0,0.9277873635292053
35.0,0.9296963810920715
35.0,0.9396320581436157
35.0,0.627828061580658
35.0,0.8762058615684509
35.0,0.8281198740005493
35.0,0.842143177986145
35.0,0.9142997860908508
35.0,0.8071094155311584
35.0,0.6801947951316833
35.0,0.8385549783706665
35.0,0.834294855594635
35.0,0.7805012464523315
35.0,0.9158565998077393
35.0,0.8914943337440491
35.0,0.6447591781616211
35.0,0.7441686391830444
35.0,0.506312906742096
35.0,0.8741222620010376
35.0,0.6247069239616394
35.0,0.8520438075065613
35.0,0.8498421907424927
35.0,0.7292214632034302
35.0,0.8309644460678101
35.0,0.8071715235710144
35.0,0.9362209439277649
35.0,0.8070677518844604
35.0,0.8106272220611572
35.0,0.9389063119888306
35.0,0.8833362460136414
35.0,0.8101523518562317
35.0,0.8810011744499207
35.0,0.8412769436836243
35.0,0.9328324794769287
35.0,0.791046679019928
35.0,0.9011270999908447
35.0,0.32065847516059875
35.0,0.8395544290542603
35.0,0.498542845249176
35.0,0.9392694234848022
35.0,0.8078770637512207
35.0,0.8731784224510193
35.0,0.916254460811615
35.0,0.934805154800415
35.0,0.761265754699707
35.0,0.7439903616905212
35.0,0.8024131059646606
35.0,0.2587573826313019
35.0,0.8857616782188416
35.0,0.8082970380783081
35.0,0.9003311395645142
35.0,0.803564727306366
35.0,0.8707823753356934
35.0,0.8370958566665649
35.0,0.427767813205719
35.0,4.1425021746199775e-10
35.0,0.878747820854187
35.0,0.875980794429779
35.0,0.7920776605606079
35.0,0.8600354194641113
35.0,0.9190388917922974
35.0,0.9104576110839844
35.0,0.9021625518798828
35.0,0.9113740921020508
35.0,0.49719980359077454
35.0,0.9168977737426758
35.0,0.21235714852809906
