epoch,iou
0.0,3.606983114967655e-11
0.0,7.682851577150984e-11
0.0,2.2568269475442543e-10
0.0,0.0001487896079197
0.0,7.572888843787595e-11
0.0,0.1978360414505005
0.0,1.460045799539511e-11
0.0,9.425959318631879e-11
0.0,3.285151040088863e-10
0.0,2.418730667141933e-11
0.0,4.480086093772151e-11
0.0,0.1407434195280075
0.0,0.4390404224395752
0.0,0.2719157636165619
0.0,1.1058277210596046e-10
0.0,0.8972406983375549
0.0,2.3525537420909792e-11
0.0,0.7683431506156921
0.0,0.7506225109100342
0.0,3.7574207634172296e-11
0.0,3.516174504336611e-11
0.0,6.629101434452167e-11
0.0,0.2776525318622589
0.0,6.393861828879466e-11
0.0,8.891259950516428e-11
0.0,1.0465724814556764e-10
0.0,0.2198711484670639
0.0,1.1061947191581819e-10
0.0,0.752259373664856
0.0,1.6542596459334646e-10
0.0,0.8255472779273987
0.0,0.5071842074394226
0.0,1.75254116774326e-10
0.0,0.8271331787109375
0.0,1.3466200377010296e-10
0.0,2.0230629671491582e-10
0.0,1.644141940648769e-11
0.0,0.6623837947845459
0.0,9.350163698851331e-11
0.0,0.4382088780403137
0.0,0.0046010608784854
0.0,1.169453839322543e-10
0.0,0.5597468614578247
0.0,5.872335256951189e-11
0.0,4.8730568191768236e-11
0.0,3.7637847699611975e-11
0.0,6.077180425556605e-11
0.0,0.7131349444389343
0.0,3.616374907866593e-11
0.0,1.0257462240703672e-10
0.0,1.404297095275453e-10
0.0,6.361727811210469e-11
0.0,0.64146888256073
0.0,0.055634532123804
0.0,9.180207288794762e-11
0.0,7.16024600722065e-11
0.0,7.604562812790759e-11
0.0,0.0193939991295337
0.0,1.03092784309311e-10
0.0,0.6613724231719971
0.0,4.1425021746199775e-10
0.0,1.927525083988968e-10
0.0,3.7649185852250966e-11
0.0,1.2207328897728686e-11
0.0,0.3652471899986267
0.0,5.4623913031681675e-11
0.0,0.8695929646492004
0.0,3.188165356715622e-11
0.0,9.616309137872035e-11
0.0,8.900756867658009e-12
0.0,0.4353218376636505
0.0,0.7872667908668518
0.0,6.857769907497868e-11
0.0,0.2936195135116577
0.0,0.2679442763328552
0.0,0.001686293981038
0.0,0.35955610871315
0.0,6.902264176877893e-11
0.0,0.1337840408086776
0.0,1.989337167218608e-11
0.0,6.321112383522731e-11
0.0,0.0901474878191948
0.0,6.279040482004561e-11
0.0,0.1845942437648773
0.0,0.4137181639671325
0.0,1.5458340163476691e-10
0.0,1.4050864638459615e-10
0.0,1.3210039728761556e-09
0.0,2.234586994609433e-11
0.0,0.6811577081680298
0.0,0.7866138815879822
0.0,0.1461550295352935
0.0,0.6989056468009949
0.0,5.5975370172323125e-11
0.0,3.551514637933906e-11
0.0,0.3455997407436371
0.0,0.0053352443501353
0.0,8.160600667439509e-11
0.0,0.3161908090114593
0.0,3.517287502918798e-11
1.0,0.4775651097297668
1.0,0.6761683821678162
1.0,0.507070779800415
1.0,0.6421719789505005
1.0,0.3762196898460388
1.0,0.4477508664131164
1.0,0.7842510342597961
1.0,0.6523085832595825
1.0,0.5652139186859131
1.0,0.3449749052524566
1.0,0.140930637717247
1.0,0.8138836622238159
1.0,0.2179844975471496
1.0,0.9235093593597412
1.0,0.5740352869033813
1.0,0.6106039881706238
1.0,0.7786125540733337
1.0,0.5491791367530823
1.0,0.4426685273647308
1.0,0.4411279857158661
1.0,0.5402697920799255
1.0,0.4245729446411133
1.0,0.5970076322555542
1.0,0.5158193707466125
1.0,0.0553346276283264
1.0,0.5681052207946777
1.0,0.6550512313842773
1.0,0.7243381142616272
1.0,0.8144460916519165
1.0,0.190159261226654
1.0,0.3629614412784576
1.0,0.8208035826683044
1.0,0.4643618762493133
1.0,0.1645222604274749
1.0,0.5946744084358215
1.0,0.2971912622451782
1.0,0.1794191300868988
1.0,0.6166899800300598
1.0,0.4839386940002441
1.0,0.643502414226532
1.0,0.2458163946866989
1.0,3.4636831597323336e-11
1.0,0.7650193572044373
1.0,0.7318252921104431
1.0,0.4950248003005981
1.0,0.5374124646186829
1.0,0.6499424576759338
1.0,0.5737063884735107
1.0,0.0675158724188804
1.0,0.5267035961151123
1.0,0.6103571653366089
1.0,0.7851871848106384
1.0,0.3466396629810333
1.0,0.6428443193435669
1.0,0.2798036336898803
1.0,0.0032784894574433
1.0,0.1299761980772018
1.0,0.8047385215759277
1.0,0.5109608769416809
1.0,0.596487283706665
1.0,0.6656613349914551
1.0,0.7399629950523376
1.0,0.4452614784240722
1.0,0.6314058899879456
1.0,0.5572596192359924
1.0,0.4634171426296234
1.0,0.8607438802719116
1.0,0.6946388483047485
1.0,0.7432450652122498
1.0,0.3445225656032562
1.0,0.6425235271453857
1.0,0.8451305627822876
1.0,0.1498530805110931
1.0,0.5195038318634033
1.0,0.5874215960502625
1.0,0.2909601926803589
1.0,0.4573401808738708
1.0,0.3925779163837433
1.0,0.5568022131919861
1.0,0.3632594048976898
1.0,0.7124100923538208
1.0,0.2815725803375244
1.0,0.4683407545089721
1.0,5.0258831818528193e-11
1.0,0.1854860931634903
1.0,0.2916537523269653
1.0,0.5997740030288696
1.0,0.8837370276451111
1.0,0.6833953261375427
1.0,0.7320352792739868
1.0,0.675714373588562
1.0,0.7260764241218567
1.0,0.3746060132980346
1.0,0.9142022728919984
1.0,0.56056809425354
1.0,0.582290530204773
1.0,0.7352738976478577
1.0,0.5838199257850647
1.0,0.578976035118103
1.0,0.4324197173118591
2.0,0.7229344844818115
2.0,0.0021479970309883
2.0,0.2737690210342407
2.0,0.6348938941955566
2.0,0.6608364582061768
2.0,0.6160120368003845
2.0,0.582067608833313
2.0,0.717871904373169
2.0,0.5388420224189758
2.0,0.6727246046066284
2.0,0.7602226734161377
2.0,0.7898942828178406
2.0,0.592706561088562
2.0,0.9194812774658204
2.0,0.5258190035820007
2.0,0.920738935470581
2.0,0.8142297863960266
2.0,0.7856643199920654
2.0,0.8155504465103149
2.0,0.5914308428764343
2.0,0.8257058262825012
2.0,0.8720764517784119
2.0,6.817097580880116e-11
2.0,0.4996726512908935
2.0,1.4343086440771202e-10
2.0,0.4055842161178589
2.0,0.6784722208976746
2.0,0.4333541989326477
2.0,0.3351668417453766
2.0,0.2363714575767517
2.0,0.7133427262306213
2.0,0.8618346452713013
2.0,0.8127185106277466
2.0,0.7626006603240967
2.0,0.7822030782699585
2.0,0.8154683709144592
2.0,0.672762393951416
2.0,0.0341629311442375
2.0,0.6706398725509644
2.0,0.5841054320335388
2.0,0.7198840379714966
2.0,0.837647020816803
2.0,0.5091848373413086
2.0,0.5225406289100647
2.0,1.3032712409266622e-10
2.0,0.8387705683708191
2.0,0.6560668349266052
2.0,0.3427657186985016
2.0,0.2696513831615448
2.0,0.8386098742485046
2.0,0.8693060278892517
2.0,0.6619831919670105
2.0,0.6265920400619507
2.0,0.6210533380508423
2.0,0.9006657004356384
2.0,0.5899824500083923
2.0,0.3930685222148895
2.0,0.5670533180236816
2.0,0.912174642086029
2.0,0.4839352667331695
2.0,0.0335873700678348
2.0,0.0131089687347412
2.0,0.6851229667663574
2.0,0.9562925100326538
2.0,0.7650068402290344
2.0,0.7890560626983643
2.0,4.0004801554749385e-11
2.0,0.6712565422058105
2.0,0.728261411190033
2.0,0.8430355191230774
2.0,0.3030849993228912
2.0,0.421719342470169
2.0,0.8228432536125183
2.0,0.7698078155517578
2.0,1.3210039728761556e-09
2.0,0.6319066882133484
2.0,0.8412805199623108
2.0,0.1312768161296844
2.0,0.3786203265190124
2.0,0.6021068096160889
2.0,0.6252340078353882
2.0,0.7307169437408447
2.0,0.8229231238365173
2.0,0.8772187829017639
2.0,0.4051061570644378
2.0,0.5725510120391846
2.0,0.7064881920814514
2.0,0.6058682799339294
2.0,0.6744542121887207
2.0,0.8097002506256104
2.0,0.8281408548355103
2.0,0.5720120668411255
2.0,0.8056575059890747
2.0,0.0848457962274551
2.0,0.6655499339103699
2.0,0.7836864590644836
2.0,0.5723080039024353
2.0,0.7544312477111816
2.0,0.1921166628599167
2.0,0.5818150043487549
3.0,0.8626934289932251
3.0,0.3560590147972107
3.0,0.8347418308258057
3.0,0.8703567385673523
3.0,1.169453839322543e-10
3.0,0.8256372213363647
3.0,0.3394908905029297
3.0,0.6382361650466919
3.0,0.6929925084114075
3.0,0.505936324596405
3.0,0.0136866113170981
3.0,0.8960494995117188
3.0,0.0011416974011808
3.0,0.6620361804962158
3.0,0.1539529263973236
3.0,0.7057636380195618
3.0,0.7392176985740662
3.0,0.8460564613342285
3.0,0.3284255266189575
3.0,0.7464639544487
3.0,0.7195864915847778
3.0,0.8516636490821838
3.0,0.8674290776252747
3.0,0.8558885455131531
3.0,0.4377676248550415
3.0,0.8301844596862793
3.0,0.7831054329872131
3.0,6.857769907497868e-11
3.0,0.6066538095474243
3.0,1.5458340163476691e-10
3.0,0.2030341327190399
3.0,0.8244094848632812
3.0,0.6829839944839478
3.0,0.9240533709526062
3.0,0.7434282302856445
3.0,0.7101422548294067
3.0,0.3189473748207092
3.0,0.3614360988140106
3.0,0.579651951789856
3.0,0.8735920786857605
3.0,0.8823565244674683
3.0,0.9170151352882384
3.0,0.8081312775611877
3.0,0.6291173696517944
3.0,0.9581983685493468
3.0,0.8218330144882202
3.0,0.8255515694618225
3.0,0.6692422032356262
3.0,0.7633308172225952
3.0,0.0240681078284978
3.0,0.8879597187042236
3.0,0.8292459845542908
3.0,0.735866129398346
3.0,0.6628661155700684
3.0,0.8592900633811951
3.0,0.6283024549484253
3.0,0.7593968510627747
3.0,0.6027984023094177
3.0,1.75254116774326e-10
3.0,0.6715707182884216
3.0,0.8849658966064453
3.0,0.6352299451828003
3.0,0.8334761261940002
3.0,0.8134578466415405
3.0,0.8959580063819885
3.0,0.5889235138893127
3.0,0.7675308585166931
3.0,0.5544624328613281
3.0,0.8223849534988403
3.0,0.95772784948349
3.0,0.6279993057250977
3.0,0.0949386209249496
3.0,0.7706573605537415
3.0,0.6847458481788635
3.0,2.1390374194130144e-10
3.0,0.8636935949325562
3.0,0.7856959104537964
3.0,0.7557525634765625
3.0,0.5787966251373291
3.0,0.720273494720459
3.0,0.5588874220848083
3.0,0.2408867180347442
3.0,0.3504613041877746
3.0,0.8575051426887512
3.0,0.7053090333938599
3.0,0.0001911437429953
3.0,0.883049488067627
3.0,0.7109397053718567
3.0,0.7088162899017334
3.0,0.597377359867096
3.0,0.7927945256233215
3.0,0.815757155418396
3.0,0.219282180070877
3.0,0.8501414656639099
3.0,0.7282631993293762
3.0,0.8511469960212708
3.0,0.9334982633590698
3.0,0.873932957649231
3.0,0.6409146785736084
3.0,0.6061798930168152
4.0,0.6025568842887878
4.0,6.857769907497868e-11
4.0,0.7252170443534851
4.0,0.7824342846870422
4.0,0.2250438779592514
4.0,0.9383071660995485
4.0,0.8725267648696899
4.0,0.4418696761131286
4.0,0.3324096500873565
4.0,0.9565876126289368
4.0,0.8225733637809753
4.0,0.7532769441604614
4.0,0.5030285716056824
4.0,0.7211390733718872
4.0,0.8019442558288574
4.0,0.5629510879516602
4.0,0.3744753897190094
4.0,0.5813519954681396
4.0,0.8465380072593689
4.0,0.776015043258667
4.0,0.877058207988739
4.0,0.7304174304008484
4.0,0.6031229496002197
4.0,0.8592994809150696
4.0,0.7789250016212463
4.0,0.8531135320663452
4.0,0.7917457222938538
4.0,0.0204531289637088
4.0,0.6809926629066467
4.0,0.0280547067523002
4.0,0.8974737524986267
4.0,0.7916749715805054
4.0,0.6981644630432129
4.0,0.8064014911651611
4.0,0.7512146234512329
4.0,0.5416277050971985
4.0,0.1311259567737579
4.0,0.8719021081924438
4.0,0.8576725125312805
4.0,0.7234185338020325
4.0,0.7563549280166626
4.0,0.6552556157112122
4.0,0.1045922264456749
4.0,0.6329781413078308
4.0,0.8421181440353394
4.0,0.8390251994132996
4.0,0.5275551676750183
4.0,0.8712807893753052
4.0,0.7995710968971252
4.0,0.6547009944915771
4.0,0.7445178627967834
4.0,0.8477287888526917
4.0,0.5641793608665466
4.0,0.5766943097114563
4.0,0.901197612285614
4.0,0.837131142616272
4.0,0.479506641626358
4.0,1.75254116774326e-10
4.0,0.7504500150680542
4.0,0.7001358270645142
4.0,0.3293099701404571
4.0,0.7207304239273071
4.0,0.9419755339622498
4.0,0.3628121614456177
4.0,0.7386519908905029
4.0,0.6024643182754517
4.0,0.8775705695152283
4.0,0.9139288067817688
4.0,0.6599642634391785
4.0,0.8883668184280396
4.0,0.4823397696018219
4.0,0.2267194390296936
4.0,0.6259992718696594
4.0,0.878588080406189
4.0,0.8816587924957275
4.0,1.3210039728761556e-09
4.0,0.8897464275360107
4.0,0.8373600244522095
4.0,0.7399484515190125
4.0,0.3424384295940399
4.0,1.3883104388323628e-10
4.0,0.7963085770606995
4.0,0.5671108961105347
4.0,0.6884855628013611
4.0,0.5512130260467529
4.0,0.3526244163513183
4.0,0.4238729178905487
4.0,0.8235322833061218
4.0,0.86091148853302
4.0,0.6641714572906494
4.0,0.7412943840026855
4.0,0.743934154510498
4.0,0.6856885552406311
4.0,0.8517522215843201
4.0,0.8058181405067444
4.0,0.8823620080947876
4.0,0.517230212688446
4.0,0.8635365962982178
4.0,0.8093841671943665
4.0,0.2078962475061416
5.0,6.817561792882286e-11
5.0,0.5428003072738647
5.0,0.7805187702178955
5.0,0.6257762312889099
5.0,0.8677740693092346
5.0,0.8261028528213501
5.0,0.8641120195388794
5.0,0.8471717834472656
5.0,0.7881344556808472
5.0,0.4099988639354706
5.0,0.5116356015205383
5.0,0.726786732673645
5.0,0.839073121547699
5.0,0.8633567094802856
5.0,0.3628689646720886
5.0,0.8391389846801758
5.0,0.6658262014389038
5.0,0.0046375021338462
5.0,0.9157694578170776
5.0,0.850797712802887
5.0,0.323033720254898
5.0,0.8058798909187317
5.0,0.8794037103652954
5.0,0.6488131284713745
5.0,0.8603639006614685
5.0,0.7724801301956177
5.0,0.8883569240570068
5.0,0.8821976780891418
5.0,0.1691850423812866
5.0,0.6555811762809753
5.0,0.86287522315979
5.0,0.8759751319885254
5.0,0.5082530975341797
5.0,0.3566446900367737
5.0,0.9417986869812012
5.0,0.7585948705673218
5.0,0.8153539299964905
5.0,0.7022730112075806
5.0,0.8317742347717285
5.0,0.165410041809082
5.0,0.854992687702179
5.0,0.8599554896354675
5.0,0.5332688093185425
5.0,0.8283599019050598
5.0,0.3466002345085144
5.0,0.8089375495910645
5.0,0.6791200637817383
5.0,0.8026674389839172
5.0,0.5472368001937866
5.0,0.3683844804763794
5.0,0.5867645740509033
5.0,0.7393283843994141
5.0,0.8919798731803894
5.0,0.685133159160614
5.0,0.6343544125556946
5.0,0.8415946364402771
5.0,5.991252632897569e-11
5.0,0.653200089931488
5.0,0.8671106100082397
5.0,0.9198774099349976
5.0,0.6294542551040649
5.0,0.7002006769180298
5.0,0.8951956033706665
5.0,0.9001641273498535
5.0,0.8758640289306641
5.0,0.795261561870575
5.0,0.8681108355522156
5.0,0.618637204170227
5.0,0.8499088287353516
5.0,0.7361459136009216
5.0,0.9592565894126892
5.0,0.2826400995254516
5.0,0.1222150474786758
5.0,0.8629642128944397
5.0,0.7035259008407593
5.0,0.7715266942977905
5.0,0.7580872774124146
5.0,0.8124256730079651
5.0,0.9305173754692078
5.0,0.6955708861351013
5.0,0.6910163760185242
5.0,0.8560099601745605
5.0,4.1425021746199775e-10
5.0,0.8461838960647583
5.0,0.7669959664344788
5.0,0.5402976870536804
5.0,0.8529318571090698
5.0,0.7437159419059753
5.0,0.9055031538009644
5.0,0.7343595623970032
5.0,0.8073654174804688
5.0,0.7548131346702576
5.0,0.4722282588481903
5.0,0.9212686419487
5.0,0.4669945240020752
5.0,0.7547563910484314
5.0,0.7996729612350464
5.0,0.009997310116887
5.0,0.528442919254303
5.0,0.2557390034198761
6.0,0.8711342215538025
6.0,0.8909161686897278
6.0,1.5458340163476691e-10
6.0,0.7519909143447876
6.0,0.9465928673744202
6.0,0.8371238708496094
6.0,0.7242550253868103
6.0,0.6836572289466858
6.0,0.8097196817398071
6.0,0.6949470639228821
6.0,0.8847442865371704
6.0,0.4692350625991821
6.0,0.8271191716194153
6.0,0.6715020537376404
6.0,0.8487475514411926
6.0,0.4646117091178894
6.0,0.8359247446060181
6.0,0.8698889017105103
6.0,0.6639153361320496
6.0,0.8646740317344666
6.0,0.7709557414054871
6.0,1.927525083988968e-10
6.0,0.7279363870620728
6.0,0.0223920997232198
6.0,0.911401093006134
6.0,0.7433894872665405
6.0,0.7929356694221497
6.0,0.867016077041626
6.0,0.4028464257717132
6.0,0.7733644843101501
6.0,0.689441442489624
6.0,0.7801058292388916
6.0,0.8622357845306396
6.0,0.8958449959754944
6.0,0.7014371752738953
6.0,0.948261857032776
6.0,0.8046895861625671
6.0,0.883323073387146
6.0,0.8864532113075256
6.0,0.8549231886863708
6.0,0.8232153654098511
6.0,1.3192612557944015e-09
6.0,0.7196258902549744
6.0,0.8323857188224792
6.0,0.3358947336673736
6.0,0.2450651079416275
6.0,0.6536850929260254
6.0,0.8593512177467346
6.0,0.7367936372756958
6.0,0.8681055307388306
6.0,0.8878227472305298
6.0,0.8374492526054382
6.0,0.7664470076560974
6.0,0.7184009552001953
6.0,0.8228112459182739
6.0,0.4888083934783935
6.0,0.8262269496917725
6.0,0.7288516163825989
6.0,0.1746509224176406
6.0,0.8810679316520691
6.0,0.2224098742008209
6.0,0.3407712280750274
6.0,0.4667560458183288
6.0,0.8698251843452454
6.0,0.8797188401222229
6.0,0.6812710165977478
6.0,0.1812653541564941
6.0,0.7996450066566467
6.0,0.8081526160240173
6.0,0.953009843826294
6.0,0.5530449748039246
6.0,0.80848228931427
6.0,0.0048593352548778
6.0,0.921107530593872
6.0,0.2638888955116272
6.0,0.6458454728126526
6.0,6.857769907497868e-11
6.0,0.7965483665466309
6.0,0.4572673439979553
6.0,0.8920700550079346
6.0,0.7751155495643616
6.0,0.5971794128417969
6.0,0.8049775958061218
6.0,0.5553295016288757
6.0,0.6536017656326294
6.0,0.6521037220954895
6.0,0.8128060102462769
6.0,0.7580979466438293
6.0,0.7163933515548706
6.0,0.6162201762199402
6.0,0.4699308276176452
6.0,0.8768773078918457
6.0,0.8017763495445251
6.0,0.5638326406478882
6.0,0.921211004257202
6.0,2.3474178156845937e-10
6.0,0.537380576133728
6.0,0.8703683018684387
6.0,0.4677739143371582
6.0,0.905262053012848
7.0,0.7922779321670532
7.0,0.8656787872314453
7.0,0.3232410252094269
7.0,3.2051281073641736e-10
7.0,0.3726751506328583
7.0,0.6821934580802917
7.0,0.7626724243164062
7.0,0.8729920983314514
7.0,0.732125997543335
7.0,0.8952656388282776
7.0,0.835122287273407
7.0,0.8390849828720093
7.0,0.8706424236297607
7.0,0.3922760784626007
7.0,0.1576955914497375
7.0,0.7767996788024902
7.0,0.9577217698097228
7.0,0.3144058883190155
7.0,0.8686773180961609
7.0,0.8168542981147766
7.0,0.8069095015525818
7.0,0.9261878728866576
7.0,0.5156052708625793
7.0,0.6866199374198914
7.0,0.5717023611068726
7.0,0.8666320443153381
7.0,0.7726014256477356
7.0,0.9353797435760498
7.0,0.8896932005882263
7.0,0.4553204476833343
7.0,0.715491771697998
7.0,0.1259546130895614
7.0,0.9201707243919371
7.0,0.644603431224823
7.0,0.2308127433061599
7.0,0.8735335469245911
7.0,0.5344994068145752
7.0,0.5659584999084473
7.0,0.9080674052238464
7.0,0.9125230312347412
7.0,0.3929331302642822
7.0,0.9201870560646056
7.0,0.9072253108024596
7.0,0.3572901785373688
7.0,0.8162646889686584
7.0,0.8422539234161377
7.0,0.8011337518692017
7.0,0.8513498902320862
7.0,0.8266509175300598
7.0,0.6310279369354248
7.0,0.7353665828704834
7.0,0.7594181299209595
7.0,0.7174378633499146
7.0,0.8010872602462769
7.0,0.849073052406311
7.0,0.0043203951790928
7.0,0.8951499462127686
7.0,0.0142636857926845
7.0,0.8722190260887146
7.0,0.8378965854644775
7.0,0.3534493446350097
7.0,0.8854348659515381
7.0,0.8356320858001709
7.0,0.4647690951824188
7.0,0.7910395264625549
7.0,0.8825070261955261
7.0,0.8812274932861328
7.0,0.7568303942680359
7.0,0.7925774455070496
7.0,0.7184970378875732
7.0,0.8401057124137878
7.0,0.7003576159477234
7.0,0.7826130986213684
7.0,0.9208980798721312
7.0,0.7228005528450012
7.0,0.6398073434829712
7.0,0.7367218136787415
7.0,0.6824732422828674
7.0,0.0013912507565692
7.0,0.6714566349983215
7.0,0.8793494701385498
7.0,0.8249807953834534
7.0,0.716590166091919
7.0,0.9045938849449158
7.0,0.8331711888313293
7.0,0.8787487149238586
7.0,0.6916183233261108
7.0,0.8786442279815674
7.0,0.2425348311662674
7.0,0.946416974067688
7.0,0.7418470978736877
7.0,0.8213497400283813
7.0,0.8564920425415039
7.0,0.6578600406646729
7.0,0.0307190548628568
7.0,0.8562929630279541
7.0,0.7671827077865601
7.0,0.6038923859596252
7.0,0.3334981799125671
7.0,0.8485106825828552
8.0,0.4579854905605316
8.0,0.4393625259399414
8.0,0.3887215554714203
8.0,0.7742466926574707
8.0,0.1432468444108963
8.0,0.9248879551887512
8.0,0.8338872194290161
8.0,0.8862596154212952
8.0,0.927986204624176
8.0,0.0148648368194699
8.0,0.6395770311355591
8.0,0.9281330704689026
8.0,0.8944361805915833
8.0,0.4592605233192444
8.0,0.8819820880889893
8.0,0.673184871673584
8.0,0.8830645084381104
8.0,0.7881470918655396
8.0,0.3627760112285614
8.0,0.5240662097930908
8.0,0.5594061017036438
8.0,0.9259085655212402
8.0,0.6448798775672913
8.0,0.6146496534347534
8.0,0.9115054607391356
8.0,0.8383663892745972
8.0,0.7533152103424072
8.0,0.8260045647621155
8.0,0.5786146521568298
8.0,0.858514130115509
8.0,0.3627829253673553
8.0,0.909034788608551
8.0,0.7618635892868042
8.0,0.8926908373832703
8.0,0.750211238861084
8.0,0.7588373422622681
8.0,6.857769907497868e-11
8.0,0.0952197387814521
8.0,0.8048731088638306
8.0,0.8259397149085999
8.0,0.172997698187828
8.0,0.9123390316963196
8.0,0.9058766961097716
8.0,0.7756125926971436
8.0,0.9208893179893494
8.0,0.8867900967597961
8.0,0.6644060015678406
8.0,0.3245919942855835
8.0,0.8801223635673523
8.0,0.9020209312438964
8.0,0.2675857245922088
8.0,0.3535307645797729
8.0,0.6310789585113525
8.0,0.7809475064277649
8.0,0.8769079446792603
8.0,0.8514201641082764
8.0,0.9499319195747375
8.0,0.6700502634048462
8.0,0.4831326603889465
8.0,0.6604031920433044
8.0,0.6455423831939697
8.0,0.8494032621383667
8.0,0.8835854530334473
8.0,0.3871388435363769
8.0,0.6501147747039795
8.0,0.8253132104873657
8.0,0.8814800977706909
8.0,0.2986126542091369
8.0,0.7061878442764282
8.0,0.8994854092597961
8.0,0.5311795473098755
8.0,0.5774526000022888
8.0,0.8405889868736267
8.0,0.863046407699585
8.0,0.8150367140769958
8.0,0.737797737121582
8.0,0.8308509588241577
8.0,0.8799279928207397
8.0,0.8425394892692566
8.0,0.8966196775436401
8.0,0.920802652835846
8.0,0.9429498314857484
8.0,0.5607364773750305
8.0,0.6847139596939087
8.0,1.82949141946942e-10
8.0,0.7212887406349182
8.0,0.698170006275177
8.0,0.8208353519439697
8.0,0.7083117365837097
8.0,0.6869871616363525
8.0,0.8204776644706726
8.0,0.845635712146759
8.0,0.453397274017334
8.0,0.7488372325897217
8.0,0.3934269249439239
8.0,0.5150236487388611
8.0,0.5359281301498413
8.0,0.8838733434677124
8.0,0.7639895081520081
8.0,0.627070426940918
9.0,0.881719708442688
9.0,0.7654975056648254
9.0,0.9082581400871276
9.0,0.8562172055244446
9.0,0.8731851577758789
9.0,0.9531459212303162
9.0,0.785388708114624
9.0,0.8396687507629395
9.0,0.2382993698120117
9.0,0.8280959129333496
9.0,0.7477974891662598
9.0,0.8396667242050171
9.0,0.5460346341133118
9.0,0.9172616004943848
9.0,0.814487874507904
9.0,0.5030719637870789
9.0,0.860633134841919
9.0,0.7486268281936646
9.0,0.7963737845420837
9.0,0.3383448719978332
9.0,0.8480827808380127
9.0,0.799349844455719
9.0,0.860691249370575
9.0,0.1502187103033065
9.0,0.4946930110454559
9.0,0.3205941319465637
9.0,0.8417553305625916
9.0,0.796972393989563
9.0,0.9001172184944153
9.0,0.8586283922195435
9.0,0.8773790001869202
9.0,0.4021531045436859
9.0,0.4237835109233856
9.0,4.1425021746199775e-10
9.0,1.75254116774326e-10
9.0,0.9153662919998168
9.0,0.8869404196739197
9.0,0.6374960541725159
9.0,0.3964804410934448
9.0,0.7796320915222168
9.0,0.7209154367446899
9.0,0.8149919509887695
9.0,0.8677228093147278
9.0,0.5364685654640198
9.0,0.9029975533485411
9.0,0.6542949676513672
9.0,0.2064334899187088
9.0,0.0383577495813369
9.0,0.6961618661880493
9.0,0.8493032455444336
9.0,0.635166347026825
9.0,0.0537394843995571
9.0,0.3472477197647095
9.0,0.8149843215942383
9.0,0.9036329388618468
9.0,0.9112709760665894
9.0,0.901296854019165
9.0,0.6345701813697815
9.0,0.8124677538871765
9.0,0.699438750743866
9.0,0.8719748854637146
9.0,0.2740072011947632
9.0,0.8913864493370056
9.0,0.9074917435646056
9.0,0.7246074080467224
9.0,0.9309779405593872
9.0,0.7719871997833252
9.0,0.7998388409614563
9.0,0.7796981930732727
9.0,0.8132999539375305
9.0,0.8451314568519592
9.0,0.9439876675605774
9.0,0.836605429649353
9.0,0.921613335609436
9.0,0.2209623008966446
9.0,0.9077115654945374
9.0,0.7119662165641785
9.0,0.8658342957496643
9.0,0.8073407411575317
9.0,0.6622079610824585
9.0,0.8130204677581787
9.0,0.5601775646209717
9.0,0.512278139591217
9.0,0.9115920662879944
9.0,0.6436443328857422
9.0,0.8620667457580566
9.0,0.912471890449524
9.0,6.857769907497868e-11
9.0,0.8145771026611328
9.0,0.5513036251068115
9.0,0.7445881366729736
9.0,0.8618683218955994
9.0,0.7502754926681519
9.0,0.6772914528846741
9.0,0.895173966884613
9.0,0.7586110830307007
9.0,0.9481695294380188
9.0,0.0108695654198527
9.0,0.7493396997451782
9.0,0.5230674743652344
10.0,0.8316287994384766
10.0,0.8671280741691589
10.0,0.7050753235816956
10.0,0.6671114563941956
10.0,0.7662714719772339
10.0,0.8964844942092896
10.0,0.5973227024078369
10.0,0.7718977928161621
10.0,0.8880196213722229
10.0,0.6058958768844604
10.0,0.9344566464424132
10.0,0.898644208908081
10.0,0.8741597533226013
10.0,0.2605839669704437
10.0,0.853202760219574
10.0,0.4891417026519775
10.0,0.0354775674641132
10.0,0.2967479526996612
10.0,0.7277488708496094
10.0,0.8159410357475281
10.0,0.3694488406181335
10.0,0.8063509464263916
10.0,0.9073516130447388
10.0,0.5144553780555725
10.0,0.8811450004577637
10.0,0.9319195747375488
10.0,0.6587421894073486
10.0,0.8927567005157471
10.0,0.3027918338775635
10.0,0.8988283276557922
10.0,0.7019224762916565
10.0,0.9401130080223083
10.0,0.7686232328414917
10.0,0.8910211324691772
10.0,0.4806329607963562
10.0,0.8047770261764526
10.0,0.0114524755626916
10.0,0.674385666847229
10.0,0.6481149196624756
10.0,0.7061870098114014
10.0,0.854373574256897
10.0,0.7480590343475342
10.0,0.7696647644042969
10.0,0.9523840546607972
10.0,0.8415798544883728
10.0,0.8631967306137085
10.0,0.9203102588653564
10.0,0.7413356900215149
10.0,1.288659845499751e-09
10.0,0.8350647687911987
10.0,0.372391015291214
10.0,0.8341405391693115
10.0,0.4315094351768493
10.0,0.8677176237106323
10.0,0.7655045986175537
10.0,0.3172728419303894
10.0,0.7686917185783386
10.0,0.6078658699989319
10.0,0.8313451409339905
10.0,0.8038642406463623
10.0,0.7540279030799866
10.0,0.812900722026825
10.0,0.650296151638031
10.0,3.0238886394862163e-10
10.0,0.3283292651176452
10.0,0.6985605359077454
10.0,0.811947762966156
10.0,0.7313565015792847
10.0,0.691465437412262
10.0,0.6709114909172058
10.0,0.9098803400993348
10.0,0.889601469039917
10.0,0.7041490077972412
10.0,0.3151524364948272
10.0,0.9177652597427368
10.0,0.8419610857963562
10.0,0.8082291483879089
10.0,0.8089231252670288
10.0,0.8553866147994995
10.0,0.922227144241333
10.0,0.7297713756561279
10.0,0.8295406699180603
10.0,0.8880686163902283
10.0,0.9463544487953186
10.0,0.8395959734916687
10.0,0.0001278772979276
10.0,0.9209622144699096
10.0,0.905939280986786
10.0,0.7013598680496216
10.0,0.7196428775787354
10.0,0.8566745519638062
10.0,0.1803556382656097
10.0,0.5023297071456909
10.0,0.6000974774360657
10.0,0.754586398601532
10.0,0.4689678251743316
10.0,0.8944551348686218
10.0,0.91389799118042
10.0,0.736173152923584
10.0,0.0888554602861404
11.0,0.8895964622497559
11.0,0.8156139850616455
11.0,0.8389261960983276
11.0,0.7839184999465942
11.0,0.9236789345741272
11.0,0.1226342692971229
11.0,0.8853588104248047
11.0,0.6481037139892578
11.0,0.8993322849273682
11.0,0.3892116844654083
11.0,0.8069040179252625
11.0,0.6405547857284546
11.0,0.6756386756896973
11.0,0.8275493383407593
11.0,0.7675437927246094
11.0,0.5705423355102539
11.0,0.7503560185432434
11.0,0.8772149682044983
11.0,0.7489128112792969
11.0,0.657351016998291
11.0,0.889845609664917
11.0,0.7915467023849487
11.0,0.6622490286827087
11.0,0.7220739722251892
11.0,0.7692152261734009
11.0,0.3373033404350281
11.0,0.8872292637825012
11.0,0.7815951108932495
11.0,0.6234880089759827
11.0,0.703600287437439
11.0,0.6983335614204407
11.0,0.8062143921852112
11.0,0.6884581446647644
11.0,2.9214139440902903e-10
11.0,0.571722149848938
11.0,0.1076339855790138
11.0,0.8920616507530212
11.0,0.9144873023033142
11.0,0.8569314479827881
11.0,0.6357473134994507
11.0,0.4955650568008423
11.0,1.169453839322543e-10
11.0,0.8617489337921143
11.0,0.0214770473539829
11.0,0.904037356376648
11.0,0.8171495199203491
11.0,0.6897234916687012
11.0,0.953319251537323
11.0,0.9103641510009766
11.0,0.7101194262504578
11.0,0.7168403267860413
11.0,1.927525083988968e-10
11.0,0.4468812644481659
11.0,0.5277287364006042
11.0,0.8626502752304077
11.0,0.9248056411743164
11.0,0.6444406509399414
11.0,0.8398702144622803
11.0,0.3297985792160034
11.0,0.4116465747356415
11.0,0.8159206509590149
11.0,0.8858760595321655
11.0,0.7086405158042908
11.0,0.910735845565796
11.0,0.8773717284202576
11.0,0.7388888597488403
11.0,0.9091461896896362
11.0,0.8046611547470093
11.0,0.8044916987419128
11.0,0.7996113896369934
11.0,0.7791237235069275
11.0,0.8891041278839111
11.0,0.9061604738235474
11.0,0.5092422962188721
11.0,0.4251548945903778
11.0,0.7816110253334045
11.0,0.7370679974555969
11.0,0.9064276218414308
11.0,0.3455761671066284
11.0,1.3210039728761556e-09
11.0,0.723726212978363
11.0,0.6126585602760315
11.0,0.9203327298164368
11.0,0.8977077007293701
11.0,0.8976942300796509
11.0,0.7097522616386414
11.0,0.6417025923728943
11.0,0.8202504515647888
11.0,0.9110503792762756
11.0,0.0966566205024719
11.0,0.9054818153381348
11.0,0.7466742396354675
11.0,0.8250440359115601
11.0,0.7170725464820862
11.0,0.9313951134681702
11.0,0.144052043557167
11.0,0.7057753205299377
11.0,0.8924989104270935
11.0,0.90962815284729
11.0,0.8691613078117371
12.0,0.7037327289581299
12.0,0.8750466704368591
12.0,0.9209304451942444
12.0,0.6480884552001953
12.0,0.6197099685668945
12.0,0.8576367497444153
12.0,0.8714856505393982
12.0,0.5905684232711792
12.0,0.1921614855527877
12.0,0.631065309047699
12.0,0.0759214237332344
12.0,0.5382912755012512
12.0,0.7751778960227966
12.0,0.3394292593002319
12.0,0.7871592044830322
12.0,0.1657054126262664
12.0,0.8953976035118103
12.0,0.7988348007202148
12.0,0.7035078406333923
12.0,0.6148563623428345
12.0,0.3799498677253723
12.0,0.7395493984222412
12.0,0.2460462301969528
12.0,0.7919268608093262
12.0,0.7104194760322571
12.0,0.6795926094055176
12.0,0.8450967669487
12.0,0.8290250301361084
12.0,0.9093105792999268
12.0,0.785727858543396
12.0,0.8868052959442139
12.0,0.710076630115509
12.0,0.6777228116989136
12.0,0.6591818928718567
12.0,0.8722068667411804
12.0,0.670453667640686
12.0,0.7706496715545654
12.0,0.4611741900444031
12.0,0.7464805841445923
12.0,0.9068657159805298
12.0,0.86991947889328
12.0,0.770035982131958
12.0,0.4616898596286773
12.0,0.7520883679389954
12.0,0.2947006821632385
12.0,0.8303991556167603
12.0,0.9028767943382264
12.0,0.9147229194641112
12.0,0.8530316352844238
12.0,0.3652271032333374
12.0,0.8239267468452454
12.0,0.914586305618286
12.0,0.9175558686256408
12.0,0.8427166938781738
12.0,0.7985894083976746
12.0,0.3467481732368469
12.0,0.7920186519622803
12.0,0.7454057931900024
12.0,0.8341116905212402
12.0,0.7918516397476196
12.0,0.0645188689231872
12.0,0.959966242313385
12.0,0.9204434156417848
12.0,1.927525083988968e-10
12.0,0.87900710105896
12.0,0.6912007331848145
12.0,0.9189691543579102
12.0,0.8125389218330383
12.0,0.8210982084274292
12.0,0.9083040356636048
12.0,0.7662668824195862
12.0,0.7334795594215393
12.0,0.7782828211784363
12.0,3.695491412880614e-10
12.0,0.8799312710762024
12.0,0.4604646861553192
12.0,0.8738747835159302
12.0,0.8587419986724854
12.0,0.8649536967277527
12.0,0.7109314799308777
12.0,0.9250788688659668
12.0,0.6462180018424988
12.0,0.7940196394920349
12.0,0.9317160248756408
12.0,0.7543022036552429
12.0,0.8269368410110474
12.0,1.169453839322543e-10
12.0,0.8472105264663696
12.0,0.6531091928482056
12.0,0.8039489984512329
12.0,0.6942484974861145
12.0,0.8861212134361267
12.0,0.9311270117759703
12.0,0.8048138618469238
12.0,0.6169866919517517
12.0,0.6356989741325378
12.0,0.7149571776390076
12.0,0.823485255241394
12.0,0.7420042753219604
12.0,0.8225851058959961
13.0,0.3286429643630981
13.0,0.7737104892730713
13.0,0.7096500992774963
13.0,0.952024221420288
13.0,0.1524625718593597
13.0,0.8621408939361572
13.0,0.4982581734657287
13.0,0.8500917553901672
13.0,0.1201778054237365
13.0,0.9040927886962892
13.0,0.952575981616974
13.0,0.8573186993598938
13.0,0.6447432041168213
13.0,0.8939911127090454
13.0,4.1425021746199775e-10
13.0,0.823506772518158
13.0,0.8802338242530823
13.0,0.2335755079984665
13.0,0.8285593390464783
13.0,0.8098098039627075
13.0,6.857769907497868e-11
13.0,0.7642884254455566
13.0,0.8850406408309937
13.0,0.7521960735321045
13.0,0.9018486142158508
13.0,0.8316406011581421
13.0,0.5806607604026794
13.0,0.6806710362434387
13.0,0.7553056478500366
13.0,0.8357957601547241
13.0,0.903618097305298
13.0,0.7195022106170654
13.0,0.351666659116745
13.0,0.3377986252307892
13.0,0.6599738597869873
13.0,0.8809009194374084
13.0,0.8217836618423462
13.0,0.5459799766540527
13.0,0.8447359800338745
13.0,0.7819880843162537
13.0,0.8395493030548096
13.0,0.8815188407897949
13.0,0.9074013829231262
13.0,0.7326574325561523
13.0,0.3395562469959259
13.0,0.9214656949043274
13.0,0.7636767029762268
13.0,0.9030364155769348
13.0,0.9362331628799438
13.0,0.7079133987426758
13.0,0.8883281946182251
13.0,0.8646044135093689
13.0,0.5168569684028625
13.0,0.908849596977234
13.0,0.7741848230361938
13.0,0.6147754788398743
13.0,0.0321067199110984
13.0,0.5563077330589294
13.0,0.9276216626167296
13.0,0.7208475470542908
13.0,0.6940881609916687
13.0,0.6050692200660706
13.0,0.7495851516723633
13.0,0.9246292114257812
13.0,0.8954529166221619
13.0,0.7887284755706787
13.0,0.892944872379303
13.0,0.9161053895950316
13.0,0.9253833293914796
13.0,0.7179445028305054
13.0,0.06765978038311
13.0,0.4796737730503082
13.0,0.8111580014228821
13.0,0.6399999856948853
13.0,0.6213817000389099
13.0,0.8055505156517029
13.0,0.8519669771194458
13.0,0.5797901153564453
13.0,0.827534556388855
13.0,0.1444743126630783
13.0,0.8932644724845886
13.0,0.6871577501296997
13.0,0.9250738620758056
13.0,0.7862078547477722
13.0,0.7136863470077515
13.0,0.8059023022651672
13.0,0.4242209196090698
13.0,0.9186357259750366
13.0,0.93438321352005
13.0,0.7677940726280212
13.0,0.4194912910461426
13.0,0.6513059139251709
13.0,0.6296721696853638
13.0,0.2819977104663849
13.0,0.3740143179893493
13.0,0.8360592722892761
13.0,0.8284279108047485
13.0,0.8896813988685608
13.0,0.7437202334403992
13.0,0.8774697780609131
14.0,0.4667637050151825
14.0,0.8641358613967896
14.0,0.9062560200691224
14.0,0.539948046207428
14.0,0.3324102759361267
14.0,0.8477300405502319
14.0,0.4642983078956604
14.0,0.4788590669631958
14.0,0.613442063331604
14.0,0.3390697538852691
14.0,0.8962541818618774
14.0,0.7850262522697449
14.0,0.8861984014511108
14.0,0.6266261339187622
14.0,0.1929561644792556
14.0,0.1036057621240615
14.0,0.7931891679763794
14.0,0.618549644947052
14.0,0.9173323512077332
14.0,0.8575983047485352
14.0,0.4710640907287597
14.0,0.3924863040447235
14.0,0.6913285255432129
14.0,0.8366918563842773
14.0,0.6169416904449463
14.0,0.6256954669952393
14.0,0.9065556526184082
14.0,0.5474162697792053
14.0,0.7518884539604187
14.0,0.8164948225021362
14.0,4.1425021746199775e-10
14.0,0.8848719596862793
14.0,0.6121355295181274
14.0,0.8329405188560486
14.0,0.8538426756858826
14.0,0.910899817943573
14.0,0.3173676431179046
14.0,0.6071208119392395
14.0,0.913796842098236
14.0,0.8544272780418396
14.0,0.755854606628418
14.0,0.8375234603881836
14.0,0.9304324388504028
14.0,0.9228534698486328
14.0,0.8236433267593384
14.0,0.8135520815849304
14.0,0.86594158411026
14.0,0.1334236413240432
14.0,0.7379169464111328
14.0,0.0009637626935727
14.0,0.8917940258979797
14.0,0.8352106809616089
14.0,0.3560499846935272
14.0,0.3933569192886352
14.0,0.8465796113014221
14.0,0.9153422117233276
14.0,0.924553155899048
14.0,0.8657527565956116
14.0,0.8785167336463928
14.0,0.9005408883094788
14.0,0.6032163500785828
14.0,0.8433621525764465
14.0,0.9091545343399048
14.0,1.169453839322543e-10
14.0,0.5303199887275696
14.0,0.6707414388656616
14.0,0.7432672381401062
14.0,0.6929568648338318
14.0,0.6533936858177185
14.0,0.8356795310974121
14.0,0.7243693470954895
14.0,0.9273776412010192
14.0,0.5699713230133057
14.0,0.7449262142181396
14.0,0.9130374193191528
14.0,0.8182603716850281
14.0,0.902807891368866
14.0,0.9511634707450868
14.0,0.7982194423675537
14.0,0.9395859837532043
14.0,0.9054007530212402
14.0,0.8544406294822693
14.0,0.7433002591133118
14.0,0.6066684722900391
14.0,0.7038465142250061
14.0,0.6933680772781372
14.0,0.9000260829925537
14.0,0.8306618332862854
14.0,0.8349122405052185
14.0,0.5590376853942871
14.0,0.7633522152900696
14.0,0.8406351804733276
14.0,0.8951120972633362
14.0,0.7927725911140442
14.0,0.8069261908531189
14.0,0.907192587852478
14.0,0.9145628213882446
14.0,0.8210723400115967
14.0,0.8741966485977173
14.0,0.865837037563324
15.0,0.4425753057003021
15.0,0.9068379998207092
15.0,0.8563570976257324
15.0,0.8101511597633362
15.0,2.6860058621736016e-10
15.0,0.8266621828079224
15.0,0.9332979917526244
15.0,0.5878148078918457
15.0,0.3897019624710083
15.0,0.700255274772644
15.0,0.8400421738624573
15.0,0.931586742401123
15.0,0.7538899183273315
15.0,0.9229899048805236
15.0,0.8012974262237549
15.0,0.8701737523078918
15.0,0.8323526382446289
15.0,0.9253197312355042
15.0,0.8723542094230652
15.0,0.5141506195068359
15.0,0.904748260974884
15.0,0.6920507550239563
15.0,0.792921781539917
15.0,0.9208786487579346
15.0,0.8791109919548035
15.0,0.8759467005729675
15.0,0.7562199234962463
15.0,0.8838634490966797
15.0,0.8687027096748352
15.0,0.9398216605186462
15.0,0.7043064832687378
15.0,0.6207243204116821
15.0,0.8201801776885986
15.0,0.8032574653625488
15.0,0.7746397852897644
15.0,0.407364010810852
15.0,0.9344523549079896
15.0,0.6550410985946655
15.0,0.4804856777191162
15.0,0.9193435311317444
15.0,0.4032570123672485
15.0,0.0168401356786489
15.0,0.6059998869895935
15.0,0.8727349638938904
15.0,0.8828875422477722
15.0,0.6006247997283936
15.0,0.6723610162734985
15.0,0.9492893815040588
15.0,6.393861828879466e-11
15.0,0.9229430556297302
15.0,0.5888500213623047
15.0,0.9192455410957336
15.0,0.8322510719299316
15.0,0.8520582318305969
15.0,0.6326059103012085
15.0,0.7722791433334351
15.0,0.6887771487236023
15.0,0.8963888883590698
15.0,0.1243249475955963
15.0,0.8325340151786804
15.0,0.9093373417854308
15.0,0.7058141827583313
15.0,0.6119337677955627
15.0,0.8486206531524658
15.0,0.8305311799049377
15.0,0.8554797172546387
15.0,0.6260653138160706
15.0,0.8520033955574036
15.0,0.8214662671089172
15.0,0.883914053440094
15.0,0.2781708538532257
15.0,0.7599062919616699
15.0,0.7229935526847839
15.0,0.8810421824455261
15.0,0.7981647253036499
15.0,0.9553738236427308
15.0,0.8501225113868713
15.0,0.8721955418586731
15.0,0.4822132587432861
15.0,0.4593352377414703
15.0,0.1162483468651771
15.0,0.9019405245780944
15.0,0.8229466676712036
15.0,0.8532211184501648
15.0,0.364542007446289
15.0,0.4631056487560272
15.0,0.9146777987480164
15.0,0.8198053240776062
15.0,0.2091353684663772
15.0,0.7917346358299255
15.0,0.0425983034074306
15.0,0.625608503818512
15.0,0.3642380237579345
15.0,0.8236262202262878
15.0,0.8656818270683289
15.0,0.7503775358200073
15.0,0.904882550239563
15.0,0.854007363319397
15.0,0.0606680028140544
15.0,0.8185189366340637
16.0,1.5458340163476691e-10
16.0,0.2626546323299408
16.0,0.8491446375846863
16.0,0.9106730222702026
16.0,0.1758205145597458
16.0,0.8111173510551453
16.0,0.8525481224060059
16.0,0.1450920850038528
16.0,0.8344229459762573
16.0,0.7258127927780151
16.0,0.7418088316917419
16.0,0.6578649282455444
16.0,0.7814655303955078
16.0,0.8471227884292603
16.0,0.9346960186958312
16.0,0.714050829410553
16.0,0.3869772255420685
16.0,0.3798339664936065
16.0,0.7719164490699768
16.0,0.0888554602861404
16.0,0.1067079752683639
16.0,0.6228126883506775
16.0,0.955491065979004
16.0,0.8281577229499817
16.0,0.8363214731216431
16.0,0.8177213072776794
16.0,0.8264740109443665
16.0,0.8603708744049072
16.0,0.7967309951782227
16.0,0.6900085210800171
16.0,0.9074402451515198
16.0,0.4055547714233398
16.0,0.8131539821624756
16.0,0.8530592918395996
16.0,0.8224225044250488
16.0,0.9286702275276184
16.0,0.8894449472427368
16.0,0.8827514052391052
16.0,0.90337073802948
16.0,0.4850581884384155
16.0,0.8288580775260925
16.0,0.810343325138092
16.0,0.3362326920032501
16.0,0.9187845587730408
16.0,0.0544757023453712
16.0,0.8409622311592102
16.0,0.9120292067527772
16.0,0.7311095595359802
16.0,2.259376435942428e-10
16.0,0.6619318127632141
16.0,0.6598015427589417
16.0,0.929405391216278
16.0,0.9093305468559264
16.0,0.947704017162323
16.0,0.6929579973220825
16.0,0.8240139484405518
16.0,0.9040504097938538
16.0,0.8065972328186035
16.0,0.6075547933578491
16.0,0.5373077392578125
16.0,0.6936913132667542
16.0,0.8313761353492737
16.0,0.9078723192214966
16.0,0.9218586087226868
16.0,0.571841835975647
16.0,0.5411891341209412
16.0,0.8787953853607178
16.0,0.6618306636810303
16.0,0.9142906069755554
16.0,0.468671441078186
16.0,0.858656108379364
16.0,0.8469744324684143
16.0,0.6434357166290283
16.0,0.7858754396438599
16.0,0.7118486166000366
16.0,0.8241758346557617
16.0,0.8097304701805115
16.0,0.2298950403928756
16.0,0.4842578768730163
16.0,0.8499774932861328
16.0,0.9433847665786744
16.0,0.8575128316879272
16.0,0.5491888523101807
16.0,0.9604837894439696
16.0,0.903968095779419
16.0,0.8107507228851318
16.0,0.5608248710632324
16.0,0.6306430101394653
16.0,0.3494345545768738
16.0,0.8495203256607056
16.0,0.704824686050415
16.0,0.920410692691803
16.0,0.9017543792724608
16.0,0.9032178521156312
16.0,0.8090251088142395
16.0,0.9171928763389589
16.0,0.826509416103363
16.0,0.935713529586792
16.0,0.8660387992858887
16.0,0.6494675278663635
17.0,0.3903770744800567
17.0,0.3870925307273865
17.0,0.6804996728897095
17.0,0.4059129953384399
17.0,0.8450018167495728
17.0,1.927525083988968e-10
17.0,0.8686569929122925
17.0,0.7215006947517395
17.0,0.9202574491500854
17.0,0.8446767926216125
17.0,0.8307414054870605
17.0,0.2175893932580948
17.0,0.6536869406700134
17.0,0.8144741654396057
17.0,0.3750872910022735
17.0,0.7435849905014038
17.0,0.9304933547973632
17.0,0.8627684712409973
17.0,0.9195414185523988
17.0,0.9166418313980104
17.0,0.9288975596427916
17.0,0.7613173127174377
17.0,0.8342313766479492
17.0,0.8035991787910461
17.0,0.8290255665779114
17.0,0.7930340766906738
17.0,0.9188162088394164
17.0,0.4530506730079651
17.0,0.9030885696411132
17.0,0.883349597454071
17.0,0.7358992695808411
17.0,0.8626582026481628
17.0,0.8135186433792114
17.0,0.8377441763877869
17.0,0.5223003625869751
17.0,0.8431761264801025
17.0,0.9463101029396056
17.0,0.3029318451881408
17.0,0.7413094639778137
17.0,0.356289267539978
17.0,0.3347975313663482
17.0,0.5419009327888489
17.0,0.2444799095392227
17.0,0.723732054233551
17.0,0.8099717497825623
17.0,0.8894460201263428
17.0,0.7056382894515991
17.0,0.8164825439453125
17.0,0.7331508994102478
17.0,0.9418449997901917
17.0,0.9001891613006592
17.0,0.9596062898635864
17.0,0.8626308441162109
17.0,0.7516867518424988
17.0,0.8745974898338318
17.0,0.6144412755966187
17.0,0.8480591773986816
17.0,0.8866775631904602
17.0,0.8840939998626709
17.0,0.9150420427322388
17.0,0.9483433961868286
17.0,0.8463308215141296
17.0,0.6344881653785706
17.0,0.7008903622627258
17.0,0.9215086698532104
17.0,0.6900544166564941
17.0,0.8527319431304932
17.0,0.8649983406066895
17.0,0.92716383934021
17.0,0.8172298073768616
17.0,0.0860272571444511
17.0,0.4922466874122619
17.0,0.6170185804367065
17.0,2.9069766038780637e-10
17.0,0.6135446429252625
17.0,0.7591962218284607
17.0,0.7223694920539856
17.0,0.8166888356208801
17.0,0.0946579724550247
17.0,0.925268054008484
17.0,0.9371747970581056
17.0,0.9257085919380188
17.0,0.7417110204696655
17.0,0.8990687727928162
17.0,0.8755992650985718
17.0,0.4577706754207611
17.0,0.3635359108448028
17.0,0.5800666213035583
17.0,0.6314324736595154
17.0,0.673714280128479
17.0,0.9216970801353456
17.0,0.9250999093055724
17.0,0.7651891112327576
17.0,0.8343550562858582
17.0,0.861328125
17.0,0.1143781095743179
17.0,0.8404090404510498
17.0,0.2368461042642593
17.0,0.8743698000907898
17.0,0.7153564095497131
18.0,0.9007449150085448
18.0,0.811610221862793
18.0,6.393861828879466e-11
18.0,0.6617180109024048
18.0,0.8913302421569824
18.0,0.5998182892799377
18.0,0.3071748912334442
18.0,0.8577990531921387
18.0,0.9261258244514464
18.0,0.9280137419700624
18.0,0.7397832274436951
18.0,0.9158248901367188
18.0,0.9012659788131714
18.0,0.7253245711326599
18.0,0.921437680721283
18.0,0.8811613321304321
18.0,0.8507879972457886
18.0,0.910385012626648
18.0,0.3983990252017975
18.0,0.9162413477897644
18.0,0.8370932936668396
18.0,0.8715807199478149
18.0,3.0184121868614966e-10
18.0,0.957210898399353
18.0,0.7740272283554077
18.0,0.3579977452754974
18.0,0.8069528341293335
18.0,0.9339005947113036
18.0,0.6432884931564331
18.0,0.5839850306510925
18.0,0.3487996757030487
18.0,0.926223635673523
18.0,0.386654794216156
18.0,0.7653879523277283
18.0,0.624129593372345
18.0,0.2642668485641479
18.0,0.8434568643569946
18.0,0.8598896265029907
18.0,0.8771207928657532
18.0,0.7113295197486877
18.0,0.5927930474281311
18.0,0.3810294568538666
18.0,0.880341649055481
18.0,0.782001793384552
18.0,0.7642225027084351
18.0,0.8408144116401672
18.0,0.7253476977348328
18.0,0.8249577283859253
18.0,0.8532660603523254
18.0,0.8443605899810791
18.0,0.8465296626091003
18.0,0.9122540950775146
18.0,0.8952004313468933
18.0,0.8442060351371765
18.0,0.1760110110044479
18.0,0.9507633447647096
18.0,0.5660933256149292
18.0,0.7003607749938965
18.0,0.8989013433456421
18.0,0.9307683706283568
18.0,0.8012422323226929
18.0,0.7556276917457581
18.0,0.0629015862941742
18.0,0.7760859131813049
18.0,0.8354170322418213
18.0,0.9080368280410768
18.0,0.6630150675773621
18.0,0.8788793087005615
18.0,0.9122308492660522
18.0,0.1676235496997833
18.0,0.9341884851455688
18.0,0.7017018795013428
18.0,0.9450186491012572
18.0,0.9087181687355042
18.0,0.7362673878669739
18.0,0.7295125722885132
18.0,0.7654733061790466
18.0,0.720547080039978
18.0,0.4520517289638519
18.0,0.8312734365463257
18.0,0.7288467884063721
18.0,0.8293299674987793
18.0,0.3212697505950928
18.0,0.6209270358085632
18.0,0.6546826958656311
18.0,0.9426827430725098
18.0,0.8855634331703186
18.0,0.8362396955490112
18.0,0.7898248434066772
18.0,0.80288165807724
18.0,0.7069672346115112
18.0,0.6777211427688599
18.0,0.8227127194404602
18.0,0.6503116488456726
18.0,0.7118116021156311
18.0,0.9013016223907472
18.0,0.063919261097908
18.0,0.8597506880760193
18.0,0.9008638858795166
18.0,0.015411221422255
19.0,0.896888256072998
19.0,0.9326673746109008
19.0,0.089884839951992
19.0,0.5819931030273438
19.0,0.562378466129303
19.0,0.8481549024581909
19.0,0.7314961552619934
19.0,0.8846833109855652
19.0,0.8420584201812744
19.0,0.84425288438797
19.0,0.8379713892936707
19.0,0.7280303835868835
19.0,0.8566721081733704
19.0,0.8623561859130859
19.0,0.7722931504249573
19.0,0.849916398525238
19.0,0.6533204913139343
19.0,0.2055322080850601
19.0,0.944474458694458
19.0,4.1425021746199775e-10
19.0,0.6423435211181641
19.0,0.9299888014793396
19.0,0.84189772605896
19.0,0.7006288170814514
19.0,0.8865574598312378
19.0,0.8364890217781067
19.0,0.8956118822097778
19.0,0.5727823972702026
19.0,0.6133509278297424
19.0,0.8624277114868164
19.0,0.7357831597328186
19.0,0.8777790665626526
19.0,0.8288688659667969
19.0,0.7306694984436035
19.0,0.7900202870368958
19.0,0.3519146144390106
19.0,0.7716161608695984
19.0,0.9098325371742249
19.0,0.6257569789886475
19.0,0.1634541302919387
19.0,0.8823962807655334
19.0,0.6506325006484985
19.0,0.755937933921814
19.0,0.9027156233787536
19.0,0.90378338098526
19.0,0.9024046063423156
19.0,0.8453955054283142
19.0,0.3213787078857422
19.0,0.7873338460922241
19.0,0.7304684519767761
19.0,0.7745664715766907
19.0,0.9316320419311525
19.0,0.9469074010849
19.0,0.7706120014190674
19.0,0.883060872554779
19.0,0.8513414859771729
19.0,0.9190373420715332
19.0,0.7470660209655762
19.0,0.5791921615600586
19.0,0.8039113283157349
19.0,0.8166105151176453
19.0,0.7192797660827637
19.0,0.8030769228935242
19.0,0.9157039523124696
19.0,0.6974294781684875
19.0,0.7151497602462769
19.0,0.9608173966407776
19.0,0.922054886817932
19.0,0.7922705411911011
19.0,0.0592981353402137
19.0,0.1153978258371353
19.0,0.3765933513641357
19.0,0.8583236932754517
19.0,0.4983492195606231
19.0,0.4261915683746338
19.0,0.8791282176971436
19.0,0.6723095774650574
19.0,0.8009859323501587
19.0,0.9320071935653688
19.0,0.6538358330726624
19.0,0.9294986724853516
19.0,0.8881016373634338
19.0,0.8557573556900024
19.0,0.809531033039093
19.0,0.938065469264984
19.0,0.6146034598350525
19.0,0.2111953645944595
19.0,0.8364195227622986
19.0,0.8522374629974365
19.0,0.3608279526233673
19.0,0.6482780575752258
19.0,0.7004448175430298
19.0,0.7430406212806702
19.0,0.3576708734035492
19.0,0.5322017073631287
19.0,0.9162001609802246
19.0,0.9002329111099243
19.0,0.5795530080795288
19.0,0.7839833498001099
19.0,0.908820867538452
20.0,0.7106508612632751
20.0,0.910775363445282
20.0,0.831450343132019
20.0,0.6798611283302307
20.0,0.4142787754535675
20.0,0.8222806453704834
20.0,0.8446975946426392
20.0,3.52112672352689e-10
20.0,0.8778347373008728
20.0,0.9121851325035096
20.0,0.5767507553100586
20.0,0.8435513973236084
20.0,0.9194820523262024
20.0,0.9205776453018188
20.0,0.9120396971702576
20.0,0.618012547492981
20.0,0.5307957530021667
20.0,0.8335801959037781
20.0,0.5628542304039001
20.0,0.0688784420490264
20.0,1.8768768483834464e-10
20.0,0.5918914675712585
20.0,0.9527096152305604
20.0,0.8522988557815552
20.0,0.8135682940483093
20.0,0.6748581528663635
20.0,0.7548621892929077
20.0,0.9089877605438232
20.0,0.7590140700340271
20.0,0.8516623973846436
20.0,0.8542518019676208
20.0,0.7832596302032471
20.0,0.8897474408149719
20.0,0.5985164642333984
20.0,0.6293471455574036
20.0,0.9332812428474426
20.0,0.8851938247680664
20.0,0.9259232878684998
20.0,0.8973164558410645
20.0,0.8637544512748718
20.0,0.8886538147926331
20.0,0.8230789303779602
20.0,0.4340596199035644
20.0,0.7025211453437805
20.0,0.7003880143165588
20.0,0.8911101818084717
20.0,0.5375494360923767
20.0,0.9142069816589355
20.0,0.6911362409591675
20.0,0.0515887849032878
20.0,0.6604164242744446
20.0,0.879886269569397
20.0,0.8498572111129761
20.0,0.7588685750961304
20.0,0.8289502859115601
20.0,0.577511191368103
20.0,0.9224351644515992
20.0,0.6473145484924316
20.0,0.9173477292060852
20.0,0.6984344124794006
20.0,0.4041599035263061
20.0,0.8905147910118103
20.0,0.7659081220626831
20.0,0.8325605988502502
20.0,0.5790034532546997
20.0,0.8177493810653687
20.0,0.920732319355011
20.0,0.8747879862785339
20.0,0.9326349496841432
20.0,0.8809232115745544
20.0,0.3664534986019134
20.0,0.314463347196579
20.0,0.9278777837753296
20.0,0.4427578449249267
20.0,0.9281232357025146
20.0,0.5432595610618591
20.0,0.6867530345916748
20.0,0.7882282733917236
20.0,0.8301177620887756
20.0,0.3573361337184906
20.0,0.8671342134475708
20.0,0.903900384902954
20.0,0.9101526141166688
20.0,0.9087263941764832
20.0,0.7902250289916992
20.0,0.8872556686401367
20.0,0.8178721070289612
20.0,0.3606206476688385
20.0,1.1108642478108166e-10
20.0,0.8523043990135193
20.0,0.9306941032409668
20.0,0.9172772765159608
20.0,0.5811926126480103
20.0,0.3768526911735534
20.0,0.7818639278411865
20.0,0.8810974359512329
20.0,0.7618147730827332
20.0,0.8669358491897583
20.0,0.7975204586982727
20.0,0.7280555367469788
21.0,0.8519933223724365
21.0,0.8315953612327576
21.0,0.7679709792137146
21.0,0.2258657068014145
21.0,0.314161866903305
21.0,0.8741634488105774
21.0,0.9377423524856568
21.0,0.6311279535293579
21.0,0.9099360108375548
21.0,0.0964937433600425
21.0,0.8984151482582092
21.0,0.9103420972824096
21.0,0.6903225779533386
21.0,0.7301607728004456
21.0,0.5342975854873657
21.0,0.9455856084823608
21.0,6.393861828879466e-11
21.0,0.8731802105903625
21.0,0.8692919611930847
21.0,0.2435522228479385
21.0,0.6492758393287659
21.0,0.6706793308258057
21.0,0.858688235282898
21.0,0.7742208242416382
21.0,0.8944905400276184
21.0,0.9010340571403505
21.0,0.8544891476631165
21.0,0.9113398194313048
21.0,0.8172011971473694
21.0,0.8971678614616394
21.0,0.8938519954681396
21.0,0.8250392079353333
21.0,0.8965675830841064
21.0,0.3587254285812378
21.0,0.8780324459075928
21.0,0.8593139052391052
21.0,0.9343684911727904
21.0,0.8956928253173828
21.0,0.4865477383136749
21.0,0.8153012990951538
21.0,0.8707873821258545
21.0,0.9148354530334472
21.0,0.6853315830230713
21.0,0.5709112882614136
21.0,0.8699837923049927
21.0,0.7856365442276001
21.0,0.7059150338172913
21.0,0.6693395972251892
21.0,0.9539561867713928
21.0,0.8287346363067627
21.0,0.7953947186470032
21.0,0.8904611468315125
21.0,0.2735038697719574
21.0,0.6275566220283508
21.0,0.6088209748268127
21.0,0.8965882062911987
21.0,0.934391975402832
21.0,0.3524237275123596
21.0,0.6981334686279297
21.0,0.4514816105365753
21.0,0.8528039455413818
21.0,0.8518303036689758
21.0,0.8938195109367371
21.0,0.0849829614162445
21.0,0.3599330484867096
21.0,0.9351762533187866
21.0,0.6458047032356262
21.0,0.8610962629318237
21.0,0.7915298342704773
21.0,0.8602322936058044
21.0,0.9092747569084167
21.0,0.4730723798274994
21.0,0.8469270467758179
21.0,0.6148287057876587
21.0,0.9140315055847168
21.0,0.8195473551750183
21.0,0.8575718998908997
21.0,0.3492183685302734
21.0,0.2230563759803772
21.0,0.6575130224227905
21.0,0.7836176753044128
21.0,0.8949891328811646
21.0,0.3566026389598846
21.0,0.8103876113891602
21.0,4.1425021746199775e-10
21.0,0.8713700771331787
21.0,0.9233885407447816
21.0,0.5647464990615845
21.0,0.8314969539642334
21.0,0.6826111078262329
21.0,0.7925664186477661
21.0,0.7472047805786133
21.0,0.2331382781267166
21.0,0.8188249468803406
21.0,0.7998651266098022
21.0,0.7029237151145935
21.0,0.9328592419624328
21.0,0.7677987813949585
21.0,0.8721759915351868
21.0,0.7967864871025085
22.0,0.6724327802658081
22.0,0.1695558130741119
22.0,0.8432807326316833
22.0,0.8534972667694092
22.0,0.6684702038764954
22.0,0.5946599841117859
22.0,0.9132609963417052
22.0,0.8810532689094543
22.0,0.9150820970535278
22.0,6.857769907497868e-11
22.0,0.8153883218765259
22.0,0.068329282104969
22.0,0.8842275142669678
22.0,0.859012246131897
22.0,0.9215787649154664
22.0,0.8199134469032288
22.0,0.635582447052002
22.0,0.7269985675811768
22.0,0.0355989187955856
22.0,0.887387752532959
22.0,0.8929334878921509
22.0,0.8990530967712402
22.0,0.5431556105613708
22.0,0.8028072118759155
22.0,0.8762356042861938
22.0,0.8016734719276428
22.0,0.4388508200645447
22.0,0.8355110883712769
22.0,0.297270119190216
22.0,0.3012902438640594
22.0,0.9405742287635804
22.0,0.8521211743354797
22.0,0.6437988877296448
22.0,0.8730113506317139
22.0,0.7648571133613586
22.0,0.9044823050498962
22.0,0.9456827044487
22.0,0.9136690497398376
22.0,0.6158979535102844
22.0,0.7179579734802246
22.0,0.8685209155082703
22.0,0.8925547003746033
22.0,0.9285125732421876
22.0,4.046944446223222e-10
22.0,0.7307379841804504
22.0,0.9411081671714784
22.0,0.5814506411552429
22.0,0.6563025116920471
22.0,0.774793267250061
22.0,0.7408065795898438
22.0,0.8750883340835571
22.0,0.7254130840301514
22.0,0.8663007020950317
22.0,0.6950787305831909
22.0,0.9038917422294616
22.0,0.8323233723640442
22.0,0.9126461744308472
22.0,0.823294460773468
22.0,0.9110573530197144
22.0,0.4881362915039062
22.0,0.9184036254882812
22.0,0.7526631355285645
22.0,0.2409406304359436
22.0,0.5567188858985901
22.0,0.6126711368560791
22.0,0.9251853823661804
22.0,0.9178451895713806
22.0,0.222634270787239
22.0,0.7321597337722778
22.0,0.8509756326675415
22.0,0.7478904128074646
22.0,0.9325664043426514
22.0,0.7134004235267639
22.0,0.4419354796409607
22.0,0.7151014804840088
22.0,0.200678288936615
22.0,0.9085360765457152
22.0,0.8767260313034058
22.0,0.8950509428977966
22.0,0.7703580856323242
22.0,0.8725412487983704
22.0,0.7524160146713257
22.0,0.8884230256080627
22.0,0.5912154912948608
22.0,0.7256547212600708
22.0,0.881887674331665
22.0,0.9183553457260132
22.0,0.8326930999755859
22.0,0.8534362316131592
22.0,1.1750881379057887e-09
22.0,0.821026623249054
22.0,0.8456424474716187
22.0,0.6702064871788025
22.0,0.6757020354270935
22.0,0.2576387822628021
22.0,0.4998831450939178
22.0,0.752475380897522
22.0,0.4505950212478637
22.0,0.8469499945640564
22.0,0.9168749451637268
23.0,0.8167605996131897
23.0,0.8303797245025635
23.0,0.8595458269119263
23.0,0.5710471272468567
23.0,0.3268391788005829
23.0,0.7294324636459351
23.0,0.9244827032089232
23.0,0.3989512622356415
23.0,0.6770491600036621
23.0,0.7033923268318176
23.0,0.876446545124054
23.0,0.7979512214660645
23.0,0.7734273076057434
23.0,0.9062031507492064
23.0,0.82341468334198
23.0,0.8070175647735596
23.0,0.6762495636940002
23.0,0.8775058388710022
23.0,0.5656649470329285
23.0,0.6913707256317139
23.0,0.7088325619697571
23.0,0.9211082458496094
23.0,0.9057272672653198
23.0,0.9158366918563844
23.0,0.7681244611740112
23.0,0.8474440574645996
23.0,0.8517528772354126
23.0,0.8111242651939392
23.0,0.4207604825496673
23.0,0.8882583975791931
23.0,0.3049907684326172
23.0,0.8802321553230286
23.0,0.8996338844299316
23.0,0.909294366836548
23.0,0.8406292796134949
23.0,0.8364008069038391
23.0,0.8737066984176636
23.0,0.836518406867981
23.0,0.7297310829162598
23.0,0.475905179977417
23.0,0.9157574772834778
23.0,0.9187381863594056
23.0,0.7812914848327637
23.0,0.3778162896633148
23.0,0.7861939668655396
23.0,0.6223808526992798
23.0,0.7909197807312012
23.0,4.1425021746199775e-10
23.0,0.5463364124298096
23.0,0.8408306241035461
23.0,0.6514747738838196
23.0,0.9054338335990906
23.0,0.6000561118125916
23.0,0.8700041174888611
23.0,0.9249130487442015
23.0,0.714985191822052
23.0,0.9150628447532654
23.0,0.918936848640442
23.0,0.6285237669944763
23.0,0.4010212421417236
23.0,0.0645804405212402
23.0,0.8120586276054382
23.0,0.9396167397499084
23.0,0.9466712474822998
23.0,0.8785240054130554
23.0,0.7635851502418518
23.0,0.8202165961265564
23.0,0.6071068644523621
23.0,0.8464455008506775
23.0,0.8005958199501038
23.0,0.8851738572120667
23.0,0.1053530350327491
23.0,0.6496690511703491
23.0,0.8210126757621765
23.0,0.8887360095977783
23.0,0.0121434079483151
23.0,0.3449847996234894
23.0,0.9225435853004456
23.0,0.9102065563201904
23.0,0.3662056922912597
23.0,0.8103305697441101
23.0,0.7123777270317078
23.0,0.8202305436134338
23.0,0.1466701775789261
23.0,0.9176203608512878
23.0,0.910377025604248
23.0,0.8992336988449097
23.0,0.8199172616004944
23.0,0.9347681403160096
23.0,0.4202440083026886
23.0,0.7675509452819824
23.0,0.8079773783683777
23.0,0.7398852705955505
23.0,0.6296236515045166
23.0,0.9529014229774476
23.0,0.3970037400722503
23.0,0.4249450862407684
23.0,0.4251376092433929
23.0,0.93353533744812
23.0,0.3697309494018554
24.0,0.8671132326126099
24.0,0.9155889749526978
24.0,0.5358904600143433
24.0,0.7973650097846985
24.0,0.7482686638832092
24.0,0.6992005109786987
24.0,0.1680505275726318
24.0,0.8835382461547852
24.0,0.9191629886627196
24.0,0.8829908967018127
24.0,0.916593074798584
24.0,0.4133732914924621
24.0,0.9251287579536438
24.0,0.8786891102790833
24.0,0.8545258045196533
24.0,0.6693890690803528
24.0,0.696835994720459
24.0,0.6217450499534607
24.0,0.2417954951524734
24.0,0.921566605567932
24.0,0.8229871392250061
24.0,0.858318567276001
24.0,0.6481829285621643
24.0,0.6450867056846619
24.0,0.7949154376983643
24.0,6.393861828879466e-11
24.0,0.8733992576599121
24.0,0.8008682727813721
24.0,0.8073066473007202
24.0,0.5978392958641052
24.0,0.3827152252197265
24.0,0.5661215782165527
24.0,0.0720286965370178
24.0,0.9157174229621888
24.0,0.9175735116004944
24.0,0.1998667120933532
24.0,0.9304949641227722
24.0,0.5873609185218811
24.0,0.771124541759491
24.0,0.5668028593063354
24.0,3.9077766023076776e-10
24.0,0.8150648474693298
24.0,0.8682719469070435
24.0,0.9285422563552856
24.0,0.9140717387199402
24.0,0.5814545154571533
24.0,0.653438925743103
24.0,0.8040927648544312
24.0,0.9091656804084778
24.0,0.866906464099884
24.0,0.8877609968185425
24.0,0.8819506168365479
24.0,0.7940082550048828
24.0,0.8866177201271057
24.0,0.7000313401222229
24.0,0.817395031452179
24.0,0.8543373346328735
24.0,0.7491985559463501
24.0,0.7314624190330505
24.0,0.8311966061592102
24.0,0.7221909165382385
24.0,0.4243314266204834
24.0,0.5647017359733582
24.0,0.7897043824195862
24.0,0.8383617997169495
24.0,0.2986986637115478
24.0,0.9578664898872375
24.0,0.8912258148193359
24.0,0.8270943760871887
24.0,0.7873694896697998
24.0,0.8360021710395813
24.0,0.8307061195373535
24.0,0.8288343548774719
24.0,0.7826974391937256
24.0,0.6098452806472778
24.0,0.1856274157762527
24.0,0.5863565802574158
24.0,0.5533681511878967
24.0,0.825613260269165
24.0,0.7941659688949585
24.0,0.8739617466926575
24.0,0.4356762170791626
24.0,0.8094536662101746
24.0,0.6194896697998047
24.0,0.9208356738090516
24.0,0.9248962998390198
24.0,0.6000298261642456
24.0,0.3748930990695953
24.0,0.9564145803451538
24.0,0.8179407119750977
24.0,0.8946030139923096
24.0,0.881922721862793
24.0,0.9250715970993042
24.0,0.1253086477518081
24.0,0.8811056613922119
24.0,0.8491817116737366
24.0,0.7286114692687988
24.0,0.925132691860199
24.0,0.4667997360229492
24.0,0.702521800994873
25.0,0.9615485072135924
25.0,0.9134056568145752
25.0,0.3550185859203338
25.0,0.8047826290130615
25.0,0.5296970009803772
25.0,0.7667954564094543
25.0,0.8625220656394958
25.0,0.7233439087867737
25.0,0.642276406288147
25.0,0.8501404523849487
25.0,0.3277193009853363
25.0,0.8430384993553162
25.0,0.6028599143028259
25.0,0.8741452097892761
25.0,0.8504059314727783
25.0,0.8535755276679993
25.0,0.7154132127761841
25.0,0.915349304676056
25.0,0.960604965686798
25.0,0.7529054880142212
25.0,0.8285062909126282
25.0,0.8068410754203796
25.0,0.8889764547348022
25.0,0.5793470740318298
25.0,0.8824584484100342
25.0,0.8392388820648193
25.0,0.8287230134010315
25.0,0.1902461796998977
25.0,0.5131102800369263
25.0,0.7914290428161621
25.0,0.8914735317230225
25.0,0.2627282738685608
25.0,0.9176682233810424
25.0,0.1301001906394958
25.0,0.8906283378601074
25.0,0.5275048613548279
25.0,0.8187239170074463
25.0,0.4216534495353699
25.0,0.6219975352287292
25.0,0.7977877855300903
25.0,0.8950895071029663
25.0,0.8265172243118286
25.0,0.6564005613327026
25.0,0.6505255103111267
25.0,0.9238832592964172
25.0,0.0581931471824646
25.0,0.1637588888406753
25.0,0.8887946009635925
25.0,0.8732213973999023
25.0,0.8512392044067383
25.0,0.3884432911872864
25.0,0.8976389169692993
25.0,0.8527433276176453
25.0,0.621239960193634
25.0,0.8228644132614136
25.0,0.8983855247497559
25.0,0.8539820313453674
25.0,0.8088194727897644
25.0,0.8147937059402466
25.0,0.8577041029930115
25.0,0.8808870315551758
25.0,0.8939651846885681
25.0,0.881956160068512
25.0,0.8717159628868103
25.0,0.4844972789287567
25.0,0.5746896862983704
25.0,0.931540846824646
25.0,0.2732742726802826
25.0,0.3761825263500213
25.0,0.4148151874542236
25.0,0.7514523267745972
25.0,0.7050355672836304
25.0,4.1425021746199775e-10
25.0,0.919959306716919
25.0,0.827227771282196
25.0,0.8122676610946655
25.0,0.7983177900314331
25.0,0.930428981781006
25.0,0.8138592839241028
25.0,0.409798264503479
25.0,0.8642057180404663
25.0,0.55912846326828
25.0,0.2045503705739975
25.0,0.7298633456230164
25.0,0.8155288100242615
25.0,0.944274604320526
25.0,0.7255082726478577
25.0,0.8213328719139099
25.0,0.8559060096740723
25.0,0.9583361744880676
25.0,0.9294487237930298
25.0,0.7502029538154602
25.0,0.9446794390678406
25.0,0.5745519995689392
25.0,0.8745255470275879
25.0,0.7142623662948608
25.0,0.8335897326469421
25.0,0.5666830539703369
25.0,0.8140508532524109
25.0,0.8931576013565063
26.0,0.871295690536499
26.0,0.8267561197280884
26.0,0.8703479766845703
26.0,0.5702705383300781
26.0,0.9102182984352112
26.0,0.6670036315917969
26.0,0.831345796585083
26.0,0.6766420602798462
26.0,0.6643668413162231
26.0,0.790996253490448
26.0,0.7353395819664001
26.0,0.8974438309669495
26.0,0.919906497001648
26.0,0.4525842070579529
26.0,0.5014806389808655
26.0,0.7519935965538025
26.0,0.6185086369514465
26.0,1.927525083988968e-10
26.0,0.8106848001480103
26.0,0.8636762499809265
26.0,0.4988106787204742
26.0,0.7660427689552307
26.0,0.935155749320984
26.0,0.0931348204612732
26.0,0.3887571692466736
26.0,0.6345561146736145
26.0,0.5779957175254822
26.0,0.0811864286661148
26.0,0.7493505477905273
26.0,0.3364906907081604
26.0,0.8922098278999329
26.0,0.8910357356071472
26.0,0.6582775712013245
26.0,0.6796056628227234
26.0,0.7624817490577698
26.0,0.9059199690818788
26.0,0.889315664768219
26.0,0.7203437089920044
26.0,0.8770954608917236
26.0,0.7359789609909058
26.0,0.881056010723114
26.0,0.9337058067321776
26.0,2.406159715917511e-10
26.0,0.6310875415802002
26.0,0.909317135810852
26.0,0.1596372872591018
26.0,0.6585755944252014
26.0,0.933358073234558
26.0,0.9008623957633972
26.0,0.947933316230774
26.0,0.850088357925415
26.0,0.9391499161720276
26.0,0.8877012133598328
26.0,0.9487183094024658
26.0,0.853564977645874
26.0,0.8465654850006104
26.0,0.7911925911903381
26.0,0.8936579823493958
26.0,0.6646713614463806
26.0,0.8103559017181396
26.0,0.1371119618415832
26.0,0.7115950584411621
26.0,0.913637399673462
26.0,0.6503738760948181
26.0,0.6561521291732788
26.0,0.8594650030136108
26.0,0.902561902999878
26.0,0.7679078578948975
26.0,0.3209580183029175
26.0,0.898226261138916
26.0,0.8139024972915649
26.0,0.706174373626709
26.0,0.9170897006988524
26.0,0.7485179901123047
26.0,0.769077718257904
26.0,0.8215816020965576
26.0,0.7687191367149353
26.0,0.905290186405182
26.0,0.8185311555862427
26.0,0.8647313117980957
26.0,0.8049164414405823
26.0,0.8065760135650635
26.0,0.4077085554599762
26.0,0.8533135652542114
26.0,0.5933771133422852
26.0,0.8060007095336914
26.0,0.8061874508857727
26.0,0.4065483510494232
26.0,0.4418039321899414
26.0,0.6908838748931885
26.0,0.3871254920959472
26.0,0.9248471856117249
26.0,0.8193086385726929
26.0,0.7764782309532166
26.0,6.857769907497868e-11
26.0,0.6129428744316101
26.0,0.7728140950202942
26.0,0.773302435874939
26.0,0.9521614909172058
26.0,0.9120890498161316
27.0,0.8442202210426331
27.0,0.922973930835724
27.0,0.3626287281513214
27.0,0.758577287197113
27.0,0.5945497751235962
27.0,0.7850991487503052
27.0,0.8803477883338928
27.0,0.8933311104774475
27.0,0.8855831027030945
27.0,0.8472939729690552
27.0,0.9046011567115784
27.0,4.1425021746199775e-10
27.0,0.8720458745956421
27.0,0.9156225323677064
27.0,0.8902782797813416
27.0,0.8083084225654602
27.0,0.8193994164466858
27.0,0.7778794169425964
27.0,0.8745260834693909
27.0,0.9060383439064026
27.0,0.9441679120063782
27.0,0.8551903963088989
27.0,0.8715847134590149
27.0,0.0845281034708023
27.0,0.6779487133026123
27.0,0.931606948375702
27.0,0.8306633234024048
27.0,0.5062944293022156
27.0,0.8483963012695312
27.0,0.8939899802207947
27.0,0.8807808756828308
27.0,0.8525819778442383
27.0,0.6518445611000061
27.0,0.7359888553619385
27.0,0.8975099921226501
27.0,0.3217653930187225
27.0,0.5903483629226685
27.0,0.8748013377189636
27.0,0.3737941682338714
27.0,0.0011172906961292
27.0,0.8915160298347473
27.0,0.3607130944728851
27.0,0.8027037978172302
27.0,0.780323326587677
27.0,0.5178683400154114
27.0,0.9296383261680604
27.0,0.6683149933815002
27.0,0.5581241846084595
27.0,0.9186612367630004
27.0,0.7139458656311035
27.0,0.1666068732738495
27.0,0.9093337059020996
27.0,0.4312582910060882
27.0,0.908539652824402
27.0,0.5086724758148193
27.0,0.8835054636001587
27.0,0.7318027019500732
27.0,0.5830171704292297
27.0,0.8529301285743713
27.0,0.7648645639419556
27.0,0.003062201431021
27.0,0.879094660282135
27.0,0.9171584844589232
27.0,0.347779244184494
27.0,0.8747668266296387
27.0,0.1612579524517059
27.0,0.928500473499298
27.0,0.6497017741203308
27.0,0.5489148497581482
27.0,0.9440373182296752
27.0,0.2413032054901123
27.0,0.8619996905326843
27.0,0.921834409236908
27.0,0.4069803655147552
27.0,0.8905457854270935
27.0,0.8576154708862305
27.0,0.9351138472557068
27.0,0.7122480869293213
27.0,0.7765499353408813
27.0,0.9490699172019958
27.0,0.8162141442298889
27.0,0.3603180050849914
27.0,0.8215381503105164
27.0,0.6913599967956543
27.0,0.9092956781387328
27.0,0.9232640862464904
27.0,0.8895432353019714
27.0,0.8930726647377014
27.0,0.6103563904762268
27.0,0.085509218275547
27.0,0.9385306239128112
27.0,0.7976190447807312
27.0,0.8479161262512207
27.0,0.7353808283805847
27.0,0.834147572517395
27.0,0.6071475744247437
27.0,0.9183399081230164
27.0,0.9319235682487488
27.0,0.8463941812515259
27.0,0.9182300567626952
28.0,0.9405978322029114
28.0,0.8419131636619568
28.0,0.7410664558410645
28.0,0.861778736114502
28.0,0.5924873352050781
28.0,0.8226783275604248
28.0,0.8871563673019409
28.0,0.808679461479187
28.0,0.2009603977203369
28.0,0.6365118026733398
28.0,0.888661801815033
28.0,0.8773409128189087
28.0,0.8419708013534546
28.0,0.6002528071403503
28.0,0.0967098847031593
28.0,0.905601680278778
28.0,0.8301394581794739
28.0,0.914698362350464
28.0,0.7597697377204895
28.0,0.4062065184116363
28.0,4.1425021746199775e-10
28.0,0.8426660895347595
28.0,0.2494069039821624
28.0,0.4853593707084656
28.0,0.9292321801185608
28.0,0.9177766442298888
28.0,0.7999162673950195
28.0,0.4700167179107666
28.0,0.703795850276947
28.0,0.6993304491043091
28.0,0.8306924104690552
28.0,0.9197656512260436
28.0,0.9285864233970642
28.0,0.8569368124008179
28.0,0.6624481081962585
28.0,0.8954611420631409
28.0,0.900945484638214
28.0,0.8669249415397644
28.0,0.2423076927661895
28.0,0.919205605983734
28.0,0.4376939833164215
28.0,1.0026067476243128e-10
28.0,0.7602802515029907
28.0,0.0516113340854644
28.0,0.8002636432647705
28.0,0.5026983022689819
28.0,0.7605909705162048
28.0,0.8432076573371887
28.0,0.8093271255493164
28.0,0.7521188855171204
28.0,0.9059202671051024
28.0,0.6041648387908936
28.0,0.439489483833313
28.0,0.9033052325248718
28.0,0.8686357736587524
28.0,0.9273427724838256
28.0,0.8976364135742188
28.0,0.6489394903182983
28.0,0.877225399017334
28.0,0.3311309814453125
28.0,0.9060434103012084
28.0,0.9154652953147888
28.0,0.8502402901649475
28.0,0.8203195333480835
28.0,0.7828330397605896
28.0,0.9320422410964966
28.0,0.7161191701889038
28.0,0.6330865025520325
28.0,0.9377177357673644
28.0,0.8482293486595154
28.0,0.7782453298568726
28.0,0.8106644749641418
28.0,0.8461983799934387
28.0,0.9386513233184814
28.0,0.8769773244857788
28.0,0.8991374373435974
28.0,0.9281687140464784
28.0,0.9237914681434632
28.0,0.9519758224487304
28.0,0.6898053884506226
28.0,0.7928602695465088
28.0,0.3559680879116058
28.0,0.7605881094932556
28.0,0.7989288568496704
28.0,0.6709715127944946
28.0,0.7851330637931824
28.0,0.8860372304916382
28.0,0.0632086172699928
28.0,0.7923509478569031
28.0,0.7842469811439514
28.0,0.9084113240242004
28.0,0.7809293270111084
28.0,0.8761500120162964
28.0,0.4674649238586426
28.0,0.4424582123756408
28.0,0.876001238822937
28.0,0.9102436304092408
28.0,0.8972602486610413
28.0,0.906611144542694
28.0,0.8026850819587708
29.0,0.1845803260803222
29.0,0.939812183380127
29.0,0.8598395586013794
29.0,0.4973551630973816
29.0,0.94342041015625
29.0,0.920727789402008
29.0,0.7334036827087402
29.0,0.0748504325747489
29.0,6.393861828879466e-11
29.0,0.937305748462677
29.0,0.5064105987548828
29.0,0.7412958741188049
29.0,0.9056802988052368
29.0,0.483351469039917
29.0,0.8843613862991333
29.0,0.9266366362571716
29.0,0.8786959052085876
29.0,0.905820608139038
29.0,0.3914348185062408
29.0,0.8863456845283508
29.0,0.6017588973045349
29.0,0.8327096104621887
29.0,0.3888749182224273
29.0,0.7118139863014221
29.0,0.7020413875579834
29.0,0.7757870554924011
29.0,0.0670671984553337
29.0,0.8617210388183594
29.0,0.7634425163269043
29.0,0.4665990471839905
29.0,0.9451435804367064
29.0,0.8192781209945679
29.0,0.7698286175727844
29.0,0.8480045795440674
29.0,0.8508312106132507
29.0,0.882262647151947
29.0,0.6462332606315613
29.0,0.9080336689949036
29.0,0.4956541657447815
29.0,0.6331181526184082
29.0,0.6984965801239014
29.0,0.8369191884994507
29.0,0.8652682304382324
29.0,0.9254741072654724
29.0,0.7958910465240479
29.0,0.7845355868339539
29.0,0.6951677799224854
29.0,0.9160951972007751
29.0,0.9154133796691896
29.0,0.4043320715427398
29.0,0.8815847635269165
29.0,0.8360340595245361
29.0,0.6082030534744263
29.0,0.9289600253105164
29.0,0.3602912425994873
29.0,0.9163320660591124
29.0,0.7774568796157837
29.0,0.8966030478477478
29.0,0.7533153295516968
29.0,0.8743866682052612
29.0,0.8855900168418884
29.0,0.8577396869659424
29.0,0.7916308045387268
29.0,0.6696417927742004
29.0,1.1379153175283816e-10
29.0,0.8302277326583862
29.0,0.0936533436179161
29.0,0.8836542963981628
29.0,0.4933348894119262
29.0,0.8864051699638367
29.0,0.8558470606803894
29.0,0.341204971075058
29.0,0.8211279511451721
29.0,0.8625970482826233
29.0,0.6317312717437744
29.0,0.8829202651977539
29.0,0.8590005040168762
29.0,4.1425021746199775e-10
29.0,0.948804259300232
29.0,0.844326913356781
29.0,0.2318750917911529
29.0,0.6809539794921875
29.0,0.7153909802436829
29.0,0.8664255142211914
29.0,0.6507938504219055
29.0,0.8710451722145081
29.0,0.8052921891212463
29.0,0.3728230595588684
29.0,0.9193618297576904
29.0,0.8298603892326355
29.0,0.8100730180740356
29.0,0.8338804841041565
29.0,0.4230090975761413
29.0,0.9326797127723694
29.0,0.9397558569908142
29.0,0.9010866284370422
29.0,0.7770776748657227
29.0,0.7837568521499634
29.0,0.9152747988700868
29.0,0.9112215638160706
30.0,0.8680770397186279
30.0,0.8939014077186584
30.0,0.365233838558197
30.0,0.7197187542915344
30.0,0.6438201665878296
30.0,0.9272165298461914
30.0,0.8811400532722473
30.0,0.3165729939937591
30.0,0.9163904190063475
30.0,0.0610971674323082
30.0,0.8945198059082031
30.0,0.8033977746963501
30.0,0.7886749505996704
30.0,0.430971622467041
30.0,0.9045581817626952
30.0,0.0675817131996154
30.0,0.8144834041595459
30.0,0.8705251812934875
30.0,0.8123398423194885
30.0,0.9522011876106262
30.0,0.9032964110374452
30.0,0.8696947693824768
30.0,0.5520424842834473
30.0,0.8971149325370789
30.0,0.38986536860466
30.0,0.5862599015235901
30.0,0.8375367522239685
30.0,0.4114525914192199
30.0,0.8209103941917419
30.0,0.9257860779762268
30.0,0.7705275416374207
30.0,0.8175129890441895
30.0,0.7373184561729431
30.0,0.4737457931041717
30.0,0.7308656573295593
30.0,0.7890434265136719
30.0,0.4458679258823395
30.0,0.6971235871315002
30.0,0.5556008815765381
30.0,0.439857929944992
30.0,0.7758498787879944
30.0,0.7600333094596863
30.0,0.8753610253334045
30.0,0.6094503402709961
30.0,0.7980103492736816
30.0,0.7274356484413147
30.0,0.908662974834442
30.0,0.7799073457717896
30.0,0.834563136100769
30.0,0.9231604933738708
30.0,0.9562297463417052
30.0,0.7782095670700073
30.0,0.6129629611968994
30.0,0.9085143208503724
30.0,0.8446496725082397
30.0,0.7713688015937805
30.0,0.7112751007080078
30.0,0.7692940831184387
30.0,0.2691416442394256
30.0,0.9166085124015808
30.0,0.7888206839561462
30.0,0.6196109652519226
30.0,0.6317123770713806
30.0,0.8990346193313599
30.0,0.1824096441268921
30.0,0.8585845828056335
30.0,0.8995317220687866
30.0,0.7093769311904907
30.0,0.8073931932449341
30.0,0.9022303223609924
30.0,0.5536718368530273
30.0,0.3818031847476959
30.0,0.9168021082878112
30.0,0.623795747756958
30.0,0.7828816771507263
30.0,0.8941160440444946
30.0,0.8421465158462524
30.0,0.774566113948822
30.0,0.9464780688285828
30.0,0.932222843170166
30.0,0.1367725282907486
30.0,0.8793392777442932
30.0,0.8825572729110718
30.0,0.8702834248542786
30.0,6.393861828879466e-11
30.0,0.9165303111076356
30.0,0.7609190344810486
30.0,0.8292701840400696
30.0,0.8932814598083496
30.0,0.9462458491325378
30.0,0.1347871422767639
30.0,0.8024486899375916
30.0,0.3539577722549438
30.0,0.8352941274642944
30.0,0.8327525854110718
30.0,0.9204535484313964
30.0,3.450655594594565e-10
30.0,0.7980343699455261
30.0,0.7663906216621399
30.0,0.8772597312927246
31.0,0.8914636373519897
31.0,0.8716363310813904
31.0,0.893578827381134
31.0,0.5376426577568054
31.0,0.493135005235672
31.0,0.9125592708587646
31.0,0.8630355000495911
31.0,0.1449535936117172
31.0,0.9273462295532228
31.0,0.3431015014648437
31.0,0.919842004776001
31.0,0.4209498167037964
31.0,0.8702369928359985
31.0,0.8218658566474915
31.0,0.781683087348938
31.0,0.8509595990180969
31.0,0.8983811736106873
31.0,0.9546927213668824
31.0,0.8927167654037476
31.0,0.9124165773391724
31.0,0.91715806722641
31.0,0.8348775506019592
31.0,0.923039436340332
31.0,0.4888153970241546
31.0,0.4417304992675781
31.0,0.366248220205307
31.0,0.7888433933258057
31.0,0.8698788285255432
31.0,0.6944257020950317
31.0,0.7210513353347778
31.0,0.7514528036117554
31.0,0.6310980916023254
31.0,0.9416100382804872
31.0,0.8093611001968384
31.0,0.8462955951690674
31.0,0.774591326713562
31.0,0.7989190220832825
31.0,0.9222577810287476
31.0,0.5792300701141357
31.0,0.8505045175552368
31.0,0.8637421131134033
31.0,0.734918475151062
31.0,0.8868945837020874
31.0,0.8725118637084961
31.0,0.7581915259361267
31.0,0.8877167701721191
31.0,0.3459215760231018
31.0,0.9173963069915771
31.0,0.7576237320899963
31.0,0.6431361436843872
31.0,0.0172979235649108
31.0,0.6244059801101685
31.0,4.1425021746199775e-10
31.0,0.6663409471511841
31.0,0.6264699101448059
31.0,0.360500305891037
31.0,0.7687307000160217
31.0,0.9126484394073486
31.0,0.4932640790939331
31.0,0.8306631445884705
31.0,0.9450253844261168
31.0,0.4056224822998047
31.0,0.7164278626441956
31.0,0.3643544018268585
31.0,0.9225809574127196
31.0,0.6643654108047485
31.0,0.8564710021018982
31.0,0.5510895252227783
31.0,0.2249677330255508
31.0,0.8623758554458618
31.0,0.3259788155555725
31.0,0.9372162818908693
31.0,0.0216377396136522
31.0,0.3777314722537994
31.0,0.8861485123634338
31.0,0.8576515913009644
31.0,0.9329806566238404
31.0,1.9171779441773398e-10
31.0,0.9101464748382568
31.0,0.8626583218574524
31.0,0.8776770234107971
31.0,0.7979336380958557
31.0,0.6631245613098145
31.0,0.9076517224311828
31.0,0.935900866985321
31.0,0.9113458395004272
31.0,0.9215848445892334
31.0,0.8217228651046753
31.0,0.5133293867111206
31.0,0.7524895668029785
31.0,0.926113784313202
31.0,0.7943485379219055
31.0,0.9127707481384276
31.0,0.5582050085067749
31.0,0.8525949120521545
31.0,0.9345491528511048
31.0,0.7465760707855225
31.0,0.9108403325080872
31.0,0.8489780426025391
31.0,0.9316150546073914
32.0,0.948040246963501
32.0,0.6887772679328918
32.0,0.5838251113891602
32.0,0.7223060131072998
32.0,0.4850533902645111
32.0,0.606429398059845
32.0,0.8323932886123657
32.0,0.94020813703537
32.0,0.8933765292167664
32.0,0.8833711743354797
32.0,0.8572047352790833
32.0,0.0863640382885932
32.0,0.7026985883712769
32.0,0.4968966841697693
32.0,0.910283088684082
32.0,0.9219433069229126
32.0,0.9212132096290588
32.0,0.934722065925598
32.0,0.8432413339614868
32.0,0.8730895519256592
32.0,0.6820914149284363
32.0,0.4738805890083313
32.0,0.9482354521751404
32.0,0.8337640166282654
32.0,0.936286687850952
32.0,0.497266948223114
32.0,0.7468460202217102
32.0,0.0816362872719764
32.0,0.8817121386528015
32.0,0.8833896517753601
32.0,0.8340578079223633
32.0,0.3248525261878967
32.0,0.8312478065490723
32.0,0.1555053442716598
32.0,0.7181212306022644
32.0,0.1596003472805023
32.0,0.8576805591583252
32.0,0.94055438041687
32.0,0.8398606777191162
32.0,0.6971440315246582
32.0,0.9284651279449464
32.0,0.5572398900985718
32.0,0.8910150527954102
32.0,0.8801540732383728
32.0,0.8052738308906555
32.0,0.8343718647956848
32.0,0.4343985319137573
32.0,0.8942129611968994
32.0,0.9277390837669371
32.0,0.8624656200408936
32.0,0.691015899181366
32.0,0.6373403668403625
32.0,0.793765664100647
32.0,0.9167913794517516
32.0,0.6599509119987488
32.0,0.9239535927772522
32.0,0.5855017900466919
32.0,0.9379205107688904
32.0,0.929000198841095
32.0,0.908068835735321
32.0,0.4194724559783935
32.0,0.8947432041168213
32.0,0.9450953602790833
32.0,0.8733383417129517
32.0,0.9362791180610656
32.0,0.4062686264514923
32.0,0.4296545386314392
32.0,0.9036849141120912
32.0,4.006410203594157e-10
32.0,0.9158878326416016
32.0,0.7565705180168152
32.0,0.6235572099685669
32.0,0.7720497250556946
32.0,0.8855100274085999
32.0,0.7442460656166077
32.0,0.5209801197052002
32.0,0.783393144607544
32.0,0.6659334301948547
32.0,0.658473551273346
32.0,0.8510104417800903
32.0,0.7566310167312622
32.0,0.9010316133499146
32.0,0.7850514054298401
32.0,0.8691002130508423
32.0,0.8912445902824402
32.0,0.9303383827209472
32.0,0.8594127297401428
32.0,0.7758743166923523
32.0,0.2856666147708893
32.0,0.1910756975412368
32.0,0.831786572933197
32.0,0.8623425364494324
32.0,0.1788691133260727
32.0,0.8582512736320496
32.0,0.8825432062149048
32.0,0.83745276927948
32.0,0.7280635237693787
32.0,0.8857295513153076
32.0,0.8121077418327332
32.0,0.8342207074165344
33.0,0.8382784128189087
33.0,0.2547819912433624
33.0,0.9286573529243469
33.0,0.6381756067276001
33.0,0.44272205233573914
33.0,0.9350402355194092
33.0,0.9322310090065002
33.0,0.8664394617080688
33.0,0.9135704040527344
33.0,0.8503008484840393
33.0,0.8976701498031616
33.0,0.7661265134811401
33.0,0.050778817385435104
33.0,0.6942485570907593
33.0,0.25481313467025757
33.0,0.9030331969261169
33.0,0.7609012722969055
33.0,0.8691384792327881
33.0,0.4827737808227539
33.0,0.9017387628555298
33.0,0.870189368724823
33.0,0.6896063685417175
33.0,0.5020977854728699
33.0,0.9567471742630005
33.0,0.9211553335189819
33.0,0.8086860179901123
33.0,0.8859577178955078
33.0,0.85651034116745
33.0,0.5410372614860535
33.0,0.9313833713531494
33.0,0.603025496006012
33.0,0.8735083341598511
33.0,0.8323211669921875
33.0,0.8532459139823914
33.0,0.9334160089492798
33.0,0.8027057647705078
33.0,0.6578258275985718
33.0,0.6855466961860657
33.0,0.6876031160354614
33.0,0.9489648342132568
33.0,0.8971714973449707
33.0,0.8649609684944153
33.0,0.8645161390304565
33.0,0.9151280522346497
33.0,0.9495463967323303
33.0,0.7510254979133606
33.0,0.7753612995147705
33.0,0.8897184729576111
33.0,0.6723006367683411
33.0,0.7639562487602234
33.0,0.9295979142189026
33.0,0.8295259475708008
33.0,0.6131366491317749
33.0,0.8679495453834534
33.0,0.9230400323867798
33.0,0.9255677461624146
33.0,0.4245031476020813
33.0,0.9006560444831848
33.0,4.051863844445336e-10
33.0,0.9122569561004639
33.0,0.7367005348205566
33.0,0.5661247372627258
33.0,0.23556536436080933
33.0,0.8507729768753052
33.0,0.8585107326507568
33.0,0.8610921502113342
33.0,0.5726622939109802
33.0,0.8558685779571533
33.0,0.8849921822547913
33.0,0.8824948668479919
33.0,0.18672358989715576
33.0,0.5871376991271973
33.0,0.8728813529014587
33.0,0.6688610911369324
33.0,0.9508726596832275
33.0,0.4517076313495636
33.0,0.7999182939529419
33.0,0.0018747154390439391
33.0,0.24657993018627167
33.0,0.36849215626716614
33.0,0.864827573299408
33.0,0.9263368248939514
33.0,0.7122594118118286
33.0,0.0695825070142746
33.0,0.9245380759239197
33.0,0.9145418405532837
33.0,0.7033544778823853
33.0,0.9259371757507324
33.0,0.7229835391044617
33.0,0.19443733990192413
33.0,0.7126967310905457
33.0,0.9150815010070801
33.0,0.9002202749252319
33.0,0.5173239707946777
33.0,0.9156866073608398
33.0,0.912709653377533
33.0,0.8186608552932739
33.0,0.4884949028491974
33.0,0.6054310202598572
33.0,0.7869679927825928
