epoch,iou
0.0,0.4585959613323211
0.0,0.5055913925170898
0.0,0.1432423442602157
0.0,0.2001101821660995
0.0,0.334040105342865
0.0,0.1794240176677703
0.0,0.3233182430267334
0.0,0.7680813670158386
0.0,0.5348065495491028
0.0,0.3127558827400207
0.0,0.2548820376396179
0.0,0.3375936150550842
0.0,0.5493206977844238
0.0,0.2093565016984939
0.0,0.0156913958489894
0.0,0.6871820688247681
0.0,0.4855922758579254
0.0,0.1724939048290252
0.0,0.0879838913679122
0.0,0.3803331851959228
0.0,0.3768875002861023
0.0,0.3501613736152649
0.0,0.0001989061129279
0.0,0.4261477887630462
0.0,0.5463100075721741
0.0,0.3010290265083313
0.0,0.4501552581787109
0.0,0.6522818803787231
0.0,0.4870760142803192
0.0,0.7559136152267456
0.0,0.5755547881126404
0.0,0.3285316228866577
0.0,0.3691471815109253
0.0,0.3219742774963379
0.0,0.4590478241443634
0.0,0.6902759671211243
0.0,0.7907208204269409
0.0,0.396022230386734
0.0,0.3718438446521759
0.0,0.2283511757850647
0.0,0.6799291968345642
0.0,0.2549872696399688
0.0,0.1780789494514465
0.0,0.5902600288391113
0.0,0.3588934242725372
0.0,0.2267915308475494
0.0,0.2664216160774231
0.0,0.4635283052921295
0.0,0.6977916955947876
0.0,0.2458763271570205
0.0,0.3518564403057098
0.0,0.3930307626724243
0.0,0.2584186196327209
0.0,0.2800000011920929
0.0,0.0741090551018714
0.0,0.2519592642784118
0.0,0.5980405807495117
0.0,0.5049511194229126
0.0,0.3908257782459259
0.0,0.3872754573822021
0.0,0.6469154357910156
0.0,0.6075063347816467
0.0,0.4787232577800751
0.0,0.5191617012023926
0.0,0.4968912899494171
0.0,0.1070040464401245
0.0,0.5630062222480774
0.0,0.1379260271787643
0.0,0.0857830047607421
0.0,0.4680022597312927
0.0,0.3563984930515289
0.0,0.2965550720691681
0.0,0.4515156149864197
0.0,0.5830968022346497
0.0,0.5211936235427856
0.0,0.6368716359138489
0.0,0.2481256425380706
0.0,0.2235571444034576
0.0,0.1728575080633163
0.0,0.7552447319030762
0.0,0.6695578694343567
0.0,0.7220445871353149
0.0,0.3672907948493957
0.0,0.1573858857154846
0.0,0.228110060095787
0.0,0.3134928345680237
0.0,0.1204386577010154
0.0,0.2250838130712509
0.0,0.1622892916202545
0.0,0.2607893645763397
0.0,0.3860699534416199
0.0,0.3459444344043731
0.0,0.1110201328992843
0.0,0.7927792072296143
0.0,0.4660055637359619
0.0,0.0930030867457389
0.0,0.2533158957958221
0.0,0.5686946511268616
0.0,0.3570274710655212
0.0,0.2596923112869262
0.0,0.085999883711338
0.0,0.4844461977481842
0.0,0.4778170585632324
0.0,0.2656879425048828
0.0,0.2228594422340393
0.0,0.4986467361450195
0.0,0.3292527794837951
0.0,0.7509446740150452
0.0,0.2890906035900116
0.0,0.4660893380641937
0.0,0.1245307773351669
0.0,0.2132917791604995
0.0,0.3965227305889129
0.0,0.1765142232179641
0.0,0.5159555673599243
0.0,0.5931161642074585
0.0,0.5038455724716187
0.0,0.6181588768959045
0.0,0.6614281535148621
0.0,0.1431813985109329
0.0,0.2282844483852386
0.0,0.3779072165489197
0.0,0.4618017375469208
0.0,0.1925604194402694
0.0,0.426064521074295
0.0,0.6300554871559143
0.0,0.7034885883331299
0.0,0.4273279309272766
0.0,0.2684659659862518
0.0,0.3519908785820007
0.0,0.2507937550544739
0.0,0.2077863067388534
0.0,0.7432087063789368
0.0,0.2126499712467193
0.0,0.5071196556091309
0.0,0.4630683958530426
0.0,0.6322031617164612
0.0,0.5244886875152588
0.0,0.3011015355587005
0.0,0.6595044136047363
0.0,0.3492761850357055
0.0,0.2969192862510681
0.0,0.0160005073994398
0.0,0.4242021739482879
0.0,0.4403174519538879
0.0,0.4201461970806122
0.0,0.4118135869503021
0.0,0.6209084987640381
0.0,0.3120889663696289
0.0,1.6625104071188446e-10
0.0,0.1437061727046966
0.0,0.3252000212669372
0.0,0.5122327208518982
0.0,0.2502579092979431
0.0,0.7055910229682922
0.0,0.5892978310585022
0.0,0.5445478558540344
0.0,0.3078154623508453
0.0,0.7384238243103027
0.0,0.2384091913700103
0.0,0.0850093364715576
0.0,0.3770455121994018
0.0,0.7999613285064697
0.0,0.6486238241195679
0.0,0.1499950736761093
0.0,0.315704733133316
0.0,0.244879201054573
0.0,0.5117494463920593
0.0,0.5632365942001343
0.0,0.458585113286972
0.0,0.5378037691116333
0.0,0.7871996760368347
0.0,0.254948228597641
0.0,0.1717989444732666
0.0,0.3470199108123779
0.0,0.774808943271637
0.0,0.3917818665504455
0.0,0.2286694943904876
0.0,0.0137018943205475
0.0,0.3881036341190338
0.0,0.0767262503504753
0.0,0.6695537567138672
0.0,0.3857035934925079
0.0,0.7480735182762146
0.0,0.5952678322792053
0.0,0.6084410548210144
0.0,0.586575984954834
0.0,0.799493134021759
0.0,0.3505817055702209
0.0,0.2896264493465423
0.0,0.1215013116598129
0.0,0.5250145196914673
0.0,0.3221780061721802
0.0,0.4412637650966644
0.0,0.2088146060705185
0.0,0.441498339176178
0.0,0.3268434703350067
0.0,0.5149475336074829
0.0,0.1401513218879699
0.0,0.5166985988616943
0.0,0.6319894790649414
0.0,0.4039037227630615
0.0,0.5585682988166809
0.0,0.0681861564517021
0.0,0.1250908076763153
0.0,0.7221217751502991
0.0,0.085264541208744
0.0,0.1672362238168716
0.0,0.2252913117408752
0.0,0.4478964805603027
0.0,0.0788430497050285
0.0,0.1567896455526352
0.0,0.4605976045131683
0.0,0.158933401107788
0.0,0.2644350528717041
0.0,0.0178657937794923
0.0,0.1017341539263725
0.0,0.1302189826965332
0.0,0.0890040919184684
0.0,0.2513420581817627
0.0,0.315432608127594
0.0,0.4913389980792999
0.0,0.3836483657360077
0.0,0.4675627648830414
0.0,0.2114534229040146
0.0,0.5347825884819031
0.0,0.3834520280361175
0.0,0.2852387428283691
0.0,0.4207538962364197
0.0,0.0923574492335319
0.0,0.1764646023511886
0.0,0.2390418797731399
0.0,0.7324648499488831
0.0,0.242562711238861
0.0,0.7456589341163635
0.0,0.3324810862541199
0.0,0.4111835658550262
0.0,0.2529270946979522
0.0,0.339097797870636
0.0,0.3434139192104339
0.0,0.1349934488534927
0.0,0.4086581468582153
0.0,0.5924750566482544
0.0,0.4590135514736175
0.0,0.3016134798526764
0.0,0.1254997849464416
0.0,0.1980523467063903
0.0,0.2271182984113693
0.0,0.2663865387439728
0.0,0.058480717241764
0.0,0.3443711102008819
0.0,0.0610960163176059
0.0,0.4858424663543701
0.0,0.2684312760829925
0.0,0.1790761202573776
0.0,0.4400683939456939
0.0,0.3881546258926391
0.0,0.3348239660263061
0.0,0.7928348183631897
0.0,0.1403523683547973
0.0,0.127763882279396
0.0,0.2608903348445892
0.0,0.1885142475366592
0.0,0.1940463781356811
0.0,0.7250255942344666
0.0,0.2567747235298157
0.0,0.1945895552635193
0.0,0.5204412341117859
0.0,0.2504980862140655
0.0,0.4555300176143646
0.0,0.1300832778215408
0.0,0.3007677793502807
0.0,0.4838963747024536
0.0,0.2283820360898971
0.0,0.1692628264427185
0.0,0.7312937378883362
0.0,0.3439162969589233
0.0,0.2996119856834411
0.0,0.304065078496933
0.0,0.0117793511599302
0.0,0.1552521139383316
0.0,0.0547748021781444
0.0,0.5043549537658691
0.0,0.2719230651855469
0.0,0.274072527885437
0.0,0.1248194798827171
0.0,0.231360837817192
0.0,0.1236567199230194
0.0,0.228757157921791
0.0,0.2075203210115432
0.0,0.1265105009078979
0.0,0.0573400631546974
0.0,0.4514785706996918
0.0,0.1586052328348159
0.0,0.0818768814206123
0.0,0.2282029837369918
0.0,0.4119553864002228
0.0,0.1316631734371185
0.0,0.1675366312265396
0.0,0.3311460018157959
0.0,0.6563707590103149
0.0,0.5101726651191711
0.0,0.6306340098381042
0.0,0.5870094895362854
0.0,0.556630551815033
0.0,0.2730917334556579
0.0,0.6090372204780579
0.0,0.3985222578048706
0.0,0.7792549729347229
0.0,0.3949723243713379
0.0,0.6275861859321594
0.0,0.308482676744461
0.0,0.4147535264492035
0.0,0.3499078750610351
0.0,0.2192753255367279
0.0,0.2123162746429443
0.0,0.3946999609470367
0.0,0.1065596044063568
0.0,0.0158816743642091
0.0,0.7755715847015381
0.0,0.3475643992424011
0.0,0.4924762845039367
0.0,0.1671804189682006
0.0,0.2085214108228683
0.0,0.37697634100914
0.0,0.3887189626693725
0.0,0.4737172722816467
0.0,0.422739028930664
0.0,0.7780144810676575
0.0,0.5956926345825195
0.0,0.2987067699432373
0.0,0.6599085330963135
0.0,0.1525589823722839
0.0,0.2180524468421936
0.0,0.6649901866912842
0.0,0.4082935452461242
0.0,0.4409347772598266
0.0,0.7924212217330933
0.0,0.543569803237915
0.0,0.5502146482467651
0.0,0.6085900068283081
0.0,0.2918825447559356
0.0,0.507337749004364
0.0,0.2552093267440796
0.0,0.2241999506950378
0.0,0.4093147218227386
0.0,0.3345143795013428
0.0,0.6063114404678345
0.0,0.4164337515830993
0.0,0.0499759502708911
0.0,0.1775341182947158
0.0,0.2002252340316772
0.0,0.4444102942943573
0.0,0.6907835006713867
0.0,0.2319733202457428
0.0,0.7659856677055359
0.0,0.6256253123283386
0.0,0.3062739670276642
0.0,0.3152778744697571
0.0,0.4026484489440918
0.0,0.311592161655426
0.0,0.7594907283782959
0.0,0.2255744934082031
0.0,0.2759416699409485
0.0,0.3264045119285583
0.0,0.353177398443222
0.0,0.1259063333272934
0.0,0.1346169561147689
0.0,0.1157934144139289
0.0,0.2596490383148193
0.0,0.6935803294181824
0.0,0.7450376749038696
0.0,0.3651958703994751
0.0,0.7418498396873474
0.0,0.3126298785209656
0.0,0.1719121783971786
0.0,0.6429059505462646
0.0,0.5638527870178223
0.0,0.473215788602829
0.0,0.39716437458992
0.0,0.3663301467895508
0.0,0.2591804563999176
0.0,0.2321577072143554
0.0,0.7938469052314758
0.0,0.1338878720998764
0.0,0.2191854268312454
0.0,3.9077766023076776e-10
0.0,0.3532243967056274
0.0,0.3850386142730713
0.0,0.3886168003082275
0.0,0.3874085247516632
0.0,0.4201188087463379
0.0,0.325967013835907
0.0,0.6617286205291748
0.0,0.5440452098846436
0.0,0.5356354713439941
0.0,0.5739449858665466
0.0,0.3156221508979797
0.0,0.6645020842552185
0.0,0.5512584447860718
1.0,0.7438544631004333
1.0,0.5960758328437805
1.0,0.20053331553936
1.0,0.5937015414237976
1.0,0.5994163751602173
1.0,0.1562358886003494
1.0,0.702355682849884
1.0,0.363285630941391
1.0,0.1476481407880783
1.0,0.5024274587631226
1.0,0.3726215064525604
1.0,0.3630467355251312
1.0,0.4843051433563232
1.0,0.6309055685997009
1.0,0.1368251740932464
1.0,0.535029411315918
1.0,0.6273704171180725
1.0,0.4963942170143127
1.0,0.385837584733963
1.0,0.3795173466205597
1.0,0.3362395763397217
1.0,0.4947879016399383
1.0,0.3368948996067047
1.0,0.7585033178329468
1.0,0.5823994278907776
1.0,0.4450949430465698
1.0,0.3302041888236999
1.0,0.3998592495918274
1.0,0.7802233099937439
1.0,0.4346584677696228
1.0,0.4440442323684692
1.0,0.6855366230010986
1.0,0.5738803744316101
1.0,2.607561944145686e-10
1.0,0.8093081712722778
1.0,0.6738808155059814
1.0,0.1577375382184982
1.0,0.6362645030021667
1.0,0.6925828456878662
1.0,0.564902663230896
1.0,0.6459047794342041
1.0,0.7266883254051208
1.0,0.3282086849212646
1.0,0.506166398525238
1.0,0.1894595324993133
1.0,0.4296330511569977
1.0,0.745140016078949
1.0,0.3952545523643493
1.0,0.4620518386363983
1.0,0.676742434501648
1.0,0.7558221817016602
1.0,0.3771544098854065
1.0,0.827971875667572
1.0,0.8427568078041077
1.0,0.4328865706920624
1.0,0.7664792537689209
1.0,0.5453275442123413
1.0,0.4186550974845886
1.0,0.4215345978736877
1.0,0.576214611530304
1.0,0.4526202082633972
1.0,0.6340375542640686
1.0,0.1529393494129181
1.0,0.426755279302597
1.0,0.6195951104164124
1.0,0.4133667349815368
1.0,0.451302021741867
1.0,0.4236990213394165
1.0,0.3844783008098602
1.0,0.2668402791023254
1.0,0.3690846562385559
1.0,0.5546555519104004
1.0,0.282859057188034
1.0,0.5124952793121338
1.0,0.4992250502109527
1.0,0.5327239036560059
1.0,0.2519086301326751
1.0,0.3255941867828369
1.0,0.3501333594322204
1.0,0.4266894161701202
1.0,0.3556950986385345
1.0,0.2667252421379089
1.0,0.3068926036357879
1.0,0.2428104877471923
1.0,0.0272253192961215
1.0,0.846032440662384
1.0,0.6899898648262024
1.0,0.2876854836940765
1.0,0.5095767378807068
1.0,0.1677568107843399
1.0,0.8277502655982971
1.0,0.4114089608192444
1.0,0.4721920490264892
1.0,0.8288770318031311
1.0,0.7094702124595642
1.0,0.7747572660446167
1.0,0.3034815192222595
1.0,0.3799275159835815
1.0,0.3937801122665405
1.0,0.2752665281295776
0.0,0.267982006072998
0.0,0.7277045249938965
0.0,0.4258857369422912
0.0,0.279496967792511
0.0,0.2638191878795624
0.0,0.458375483751297
0.0,0.2746322751045227
0.0,0.3072563111782074
0.0,0.2420044839382171
0.0,0.1847908347845077
0.0,0.1011874675750732
0.0,0.1717803031206131
0.0,0.1584412008523941
0.0,0.6238421201705933
0.0,0.7673173546791077
0.0,0.4755510687828064
0.0,0.1225991323590278
0.0,0.4218304753303528
0.0,0.0111711230129003
0.0,0.7742405533790588
0.0,0.150585800409317
0.0,0.0841764584183693
0.0,0.026501927524805
0.0,0.1728662401437759
0.0,0.5500415563583374
0.0,0.4007923603057861
0.0,0.2876064777374267
0.0,0.3011515438556671
0.0,0.1926866173744201
0.0,0.0982205420732498
0.0,0.5637534260749817
0.0,0.2985771894454956
0.0,0.5226534605026245
0.0,0.1704602390527725
0.0,0.3069617450237274
0.0,0.7549498081207275
0.0,0.2111581563949585
0.0,0.4210132956504822
0.0,0.1888695359230041
0.0,0.1793648451566696
0.0,0.5892357230186462
0.0,0.089991919696331
0.0,0.2535457611083984
0.0,0.2932169735431671
0.0,0.7378796339035034
0.0,0.3137058019638061
0.0,0.3521632254123688
0.0,0.2698537409305572
0.0,0.3155594766139984
0.0,0.7408900856971741
0.0,0.1624911278486251
0.0,0.6626261472702026
0.0,0.2126518189907074
0.0,0.1231045350432396
0.0,0.3230853378772735
0.0,0.2579294145107269
0.0,0.4929757416248321
0.0,0.3637039065361023
0.0,0.1712756305932998
0.0,0.6463809013366699
0.0,0.4141371548175812
0.0,0.6044321656227112
0.0,0.2827675342559814
0.0,0.5597768425941467
0.0,0.2297555655241012
0.0,0.3757363557815552
0.0,0.1894440650939941
0.0,0.7150330543518066
0.0,0.3518224358558655
0.0,0.2821120917797088
0.0,0.5589035153388977
0.0,0.1748260557651519
0.0,0.1152680069208145
0.0,0.4606710076332092
0.0,0.4614063799381256
0.0,0.39296555519104
0.0,0.3855268657207489
0.0,0.2047165334224701
0.0,0.368243008852005
0.0,0.510988175868988
0.0,0.3058400154113769
0.0,0.668748676776886
0.0,0.1587460935115814
0.0,0.1138520240783691
0.0,0.4393589198589325
0.0,0.1771352887153625
0.0,0.1756346672773361
0.0,0.747072696685791
0.0,0.4350206851959228
0.0,0.0986146405339241
0.0,0.0509974844753742
0.0,0.6895853877067566
0.0,0.0477723255753517
0.0,0.0864710882306099
0.0,0.2471310198307037
0.0,0.0629442483186721
0.0,0.3517206609249115
0.0,0.5468156337738037
0.0,0.5679575800895691
0.0,0.2886112928390503
1.0,0.6880406737327576
1.0,0.3187353312969208
1.0,0.3729421496391296
1.0,0.485816478729248
1.0,0.2471940815448761
1.0,0.1266645938158035
1.0,0.5062686204910278
1.0,0.2300125509500503
1.0,0.4423183798789978
1.0,0.7403424978256226
1.0,0.7387418746948242
1.0,0.251423716545105
1.0,0.5061317682266235
1.0,0.1661921143531799
1.0,0.2959305047988891
1.0,0.1856355518102646
1.0,0.1621117740869522
1.0,0.8197365403175354
1.0,0.2643413543701172
1.0,0.5942261219024658
1.0,0.3551082909107208
1.0,0.5239980816841125
1.0,0.6342486143112183
1.0,0.4409280717372894
1.0,0.5480477809906006
1.0,0.6278800368309021
1.0,0.3669524192810058
1.0,0.4522796273231506
1.0,0.3317683935165405
1.0,0.3325610160827636
1.0,0.0877164974808693
1.0,0.1439995020627975
1.0,0.3907327950000763
1.0,0.8492274284362793
1.0,0.2822528779506683
1.0,0.3685898184776306
1.0,0.2261488139629364
1.0,0.7760307192802429
1.0,0.5698662400245667
1.0,0.6276595592498779
1.0,0.3393021821975708
1.0,0.3625203669071197
1.0,0.1394539177417755
1.0,0.6077832579612732
1.0,0.014538281597197
1.0,0.4854284226894378
1.0,0.7966212034225464
1.0,0.3694027662277221
1.0,0.4323556125164032
1.0,0.3213585019111633
1.0,0.0216539371758699
1.0,0.4377946257591247
1.0,0.2705549299716949
1.0,0.287705659866333
1.0,0.7630826234817505
1.0,0.1257661581039428
1.0,0.1829932779073715
1.0,0.7140349745750427
1.0,0.3912106156349182
1.0,0.0822331458330154
1.0,0.6864426136016846
1.0,0.2887110412120819
1.0,0.4114288091659546
1.0,0.2571815252304077
1.0,0.5089833736419678
1.0,0.3012850880622864
1.0,0.4698639810085296
1.0,0.2555225193500519
1.0,0.2072988599538803
1.0,0.6795936822891235
1.0,0.2756091654300689
1.0,0.18877574801445
1.0,0.5688365697860718
1.0,0.1573086380958557
1.0,0.3401227295398712
1.0,0.7787381410598755
1.0,0.6250962615013123
1.0,0.2040887922048568
1.0,0.0897998660802841
1.0,0.1661237776279449
1.0,0.3955678939819336
1.0,0.6786723136901855
1.0,0.4845932722091675
1.0,0.3641130924224853
1.0,0.3651481866836548
1.0,0.5175400972366333
1.0,0.3694342374801636
1.0,0.8409700393676758
1.0,0.4653242826461792
1.0,0.1948347836732864
1.0,0.2069904804229736
1.0,0.1945744752883911
1.0,0.2082536965608596
1.0,0.3765540719032287
1.0,0.2316828072071075
1.0,0.3726032972335815
1.0,0.5349178910255432
1.0,0.349526047706604
1.0,0.5382512211799622
1.0,0.1173463612794876
2.0,0.6737791895866394
2.0,0.8468214273452759
2.0,0.4815344214439392
2.0,0.7490577101707458
2.0,0.3725855052471161
2.0,0.5272220969200134
2.0,0.2676213681697845
2.0,0.5297035574913025
2.0,0.3118515014648437
2.0,0.6982712149620056
2.0,0.3981716632843017
2.0,0.4331800043582916
2.0,0.6086801290512085
2.0,0.4044541418552398
2.0,0.3857216238975525
2.0,0.7747358679771423
2.0,0.5558840036392212
2.0,0.3050094246864319
2.0,0.5117940306663513
2.0,0.1330050528049469
2.0,0.5974725484848022
2.0,0.4286561608314514
2.0,0.3687421977519989
2.0,0.3887161016464233
2.0,0.7220013737678528
2.0,0.2920285761356354
2.0,0.088700957596302
2.0,0.6491790413856506
2.0,0.8310773372650146
2.0,0.4491366446018219
2.0,0.2790816128253937
2.0,0.4402579963207245
2.0,0.5970513224601746
2.0,0.2719556987285614
2.0,0.1201343238353729
2.0,0.2053697109222412
2.0,0.4692014157772064
2.0,0.4264741241931915
2.0,0.8394092321395874
2.0,0.3446623086929321
2.0,0.1712972968816757
2.0,0.6107569932937622
2.0,0.3024162948131561
2.0,0.2625218331813812
2.0,0.433631420135498
2.0,0.2423741072416305
2.0,0.4061951637268066
2.0,0.7947410941123962
2.0,0.234312504529953
2.0,0.4836426675319671
2.0,0.393041044473648
2.0,0.2537558078765869
2.0,0.6472427248954773
2.0,0.3180469572544098
2.0,0.4508445858955383
2.0,0.8008154630661011
2.0,0.029002720490098
2.0,0.3422150015830993
2.0,0.601628303527832
2.0,0.6770362854003906
2.0,0.3927816450595855
2.0,0.3401115238666534
2.0,0.4349634647369385
2.0,0.388944149017334
2.0,0.2495515644550323
2.0,0.3537329733371734
2.0,0.51542729139328
2.0,0.3702249825000763
2.0,0.6664820909500122
2.0,0.1596173346042633
2.0,0.5298792719841003
2.0,1.6079755582598662e-10
2.0,0.1270225495100021
2.0,0.5875800848007202
2.0,0.1452776193618774
2.0,0.6649137735366821
2.0,0.5314828753471375
2.0,0.4884600937366485
2.0,0.6641730070114136
2.0,0.7356533408164978
2.0,0.2735970616340637
2.0,0.3201586008071899
2.0,0.3254981338977813
2.0,0.4600460827350616
2.0,0.3838524222373962
2.0,0.5892942547798157
2.0,0.7104082703590393
2.0,0.6643472909927368
2.0,0.664537787437439
2.0,0.7935975790023804
2.0,0.6009800434112549
2.0,0.710182785987854
2.0,0.3762405812740326
2.0,0.2392354011535644
2.0,0.4977589547634125
2.0,0.4393552243709564
2.0,0.212883859872818
2.0,0.8291908502578735
2.0,0.3406627178192138
2.0,0.2115379869937896
3.0,0.7257323265075684
3.0,0.7525453567504883
3.0,0.4525620937347412
3.0,4.1425021746199775e-10
3.0,0.3081905245780945
3.0,0.6522213816642761
3.0,0.8018438816070557
3.0,0.2872283458709717
3.0,0.7626931667327881
3.0,0.1970065832138061
3.0,0.0543197467923164
3.0,0.6082988381385803
3.0,0.681591808795929
3.0,0.8439439535140991
3.0,0.2576950192451477
3.0,0.5180216431617737
3.0,0.5344350337982178
3.0,0.5481054782867432
3.0,0.2794463038444519
3.0,0.8643158078193665
3.0,0.4825966358184814
3.0,0.305874615907669
3.0,0.7676163911819458
3.0,0.1119880527257919
3.0,0.5455067157745361
3.0,0.6756079792976379
3.0,0.4259092509746551
3.0,0.2689515650272369
3.0,0.3232649862766266
3.0,0.350984126329422
3.0,0.7532759308815002
3.0,0.2313163876533508
3.0,0.5080412030220032
3.0,0.8306706547737122
3.0,0.5175965428352356
3.0,0.4701614379882812
3.0,0.5436424612998962
3.0,0.4442973136901855
3.0,0.4566571712493896
3.0,0.759662926197052
3.0,0.5121719241142273
3.0,0.5006330609321594
3.0,0.3105123937129974
3.0,0.5479263067245483
3.0,0.6618918180465698
3.0,0.1416883468627929
3.0,0.540600061416626
3.0,0.5167276263237
3.0,0.6082236766815186
3.0,0.5705379247665405
3.0,0.3486864268779754
3.0,0.5853092670440674
3.0,0.4391191601753235
3.0,0.4190395176410675
3.0,0.7718253135681152
3.0,0.3782950341701507
3.0,0.3314459919929504
3.0,0.4942399561405182
3.0,0.1297392398118972
3.0,0.7829711437225342
3.0,0.6442818641662598
3.0,0.6038603186607361
3.0,0.6771131157875061
3.0,0.2778112590312958
3.0,0.70558762550354
3.0,0.8206169605255127
3.0,0.3368874490261078
3.0,0.4950009286403656
3.0,0.7368900179862976
3.0,0.5323678851127625
3.0,0.486732006072998
3.0,0.6576419472694397
3.0,0.7158406376838684
3.0,0.8077431321144104
3.0,0.5975068211555481
3.0,0.5223715901374817
3.0,0.4424075186252594
3.0,0.5410369038581848
3.0,0.5030882358551025
3.0,0.6653512716293335
3.0,0.4340302050113678
3.0,0.5881123542785645
3.0,0.5885964035987854
3.0,0.4148050844669342
3.0,0.5236355662345886
3.0,0.611850380897522
3.0,0.4954546093940735
3.0,0.817743182182312
3.0,0.4814072251319885
3.0,0.4233329594135284
3.0,0.1813664734363556
3.0,0.748116135597229
3.0,0.7185425162315369
3.0,0.6190804243087769
3.0,0.4343312978744507
3.0,0.5655183792114258
3.0,0.7086507678031921
3.0,0.471671998500824
3.0,0.8035687804222107
3.0,0.3448366522789001
4.0,0.6332749128341675
4.0,0.6916297674179077
4.0,0.6333420276641846
4.0,0.5583259463310242
4.0,0.3221067190170288
4.0,0.8051432967185974
4.0,0.5452175736427307
4.0,0.4886237978935241
4.0,0.5718719959259033
4.0,0.539370059967041
4.0,0.6536003947257996
4.0,0.7087087631225586
4.0,0.6202880144119263
4.0,0.8150994777679443
4.0,0.2045285105705261
4.0,0.4763930737972259
4.0,0.832724392414093
4.0,0.4183772504329681
4.0,0.4273457527160644
4.0,0.4655318558216095
4.0,0.7507976293563843
4.0,0.6727898716926575
4.0,0.4272569119930267
4.0,0.5287911295890808
4.0,0.8113065361976624
4.0,0.736470639705658
4.0,0.5166606307029724
4.0,0.2773694097995758
4.0,0.5635772943496704
4.0,0.5100725293159485
4.0,0.5199422836303711
4.0,0.6433883309364319
4.0,0.1500667184591293
4.0,0.6722900867462158
4.0,0.585067629814148
4.0,0.8585333228111267
4.0,0.7984426021575928
4.0,0.4779642820358276
4.0,0.7393913865089417
4.0,0.6383777260780334
4.0,0.5566041469573975
4.0,0.3188825249671936
4.0,0.2970390021800995
4.0,0.8623466491699219
4.0,0.8277750611305237
4.0,0.7128943204879761
4.0,4.1425021746199775e-10
4.0,0.7519101500511169
4.0,0.8835951685905457
4.0,0.6567336320877075
4.0,0.7861629724502563
4.0,0.3133078217506408
4.0,0.3289896249771118
4.0,0.7691102027893066
4.0,0.5528205633163452
4.0,0.6007675528526306
4.0,0.7058185338973999
4.0,0.2681624591350555
4.0,0.8165332078933716
4.0,0.092306911945343
4.0,0.518057107925415
4.0,0.2264415025711059
4.0,0.5071285963058472
4.0,0.6560885906219482
4.0,0.7532693147659302
4.0,0.5271471738815308
4.0,0.4113513529300689
4.0,0.8570071458816528
4.0,0.6523451805114746
4.0,0.4661684930324554
4.0,0.5589491128921509
4.0,0.0052700936794281
4.0,0.3737480044364929
4.0,0.6245231032371521
4.0,0.794424295425415
4.0,0.6927128434181213
4.0,0.6440637111663818
4.0,0.2726374864578247
4.0,0.5913419723510742
4.0,0.4691756069660187
4.0,0.5120083689689636
4.0,0.6993095278739929
4.0,0.5385226607322693
4.0,0.5080472230911255
4.0,0.8384482264518738
4.0,0.5886781215667725
4.0,0.5071442127227783
4.0,0.5429911017417908
4.0,0.6874395608901978
4.0,0.6680114269256592
4.0,0.4841247797012329
4.0,0.7200915217399597
4.0,0.5436342358589172
4.0,0.6296535134315491
4.0,0.5709473490715027
4.0,0.5262545347213745
4.0,0.7660812139511108
4.0,0.3883787393569946
4.0,0.5809732675552368
4.0,0.3230780065059662
5.0,0.752744197845459
5.0,0.4370932877063751
5.0,0.3485172390937805
5.0,0.6879996061325073
5.0,0.4289911389350891
5.0,0.4880989491939544
5.0,0.5437055826187134
5.0,0.6182887554168701
5.0,0.7059048414230347
5.0,0.1754832118749618
5.0,0.3276190459728241
5.0,0.5789438486099243
5.0,0.1550652682781219
5.0,0.6400473117828369
5.0,0.8305855393409729
5.0,0.694868803024292
5.0,0.4295794665813446
5.0,0.4022426903247833
5.0,4.1425021746199775e-10
5.0,0.8653150200843811
5.0,0.5616527199745178
5.0,0.4153476059436798
5.0,0.6612024307250977
5.0,0.550422191619873
5.0,0.3800827860832214
5.0,0.6814997792243958
5.0,0.6809995770454407
5.0,0.6209914684295654
5.0,0.5908675789833069
5.0,0.5096790790557861
5.0,0.7989118695259094
5.0,0.7574856281280518
5.0,0.5906286239624023
5.0,0.3101765215396881
5.0,0.2347790598869323
5.0,0.6713430881500244
5.0,0.7750937938690186
5.0,0.8058143854141235
5.0,0.6774407625198364
5.0,0.8086009621620178
5.0,0.8011990785598755
5.0,0.6052451729774475
5.0,0.6576576828956604
5.0,0.7007154226303101
5.0,0.6005061864852905
5.0,0.7310623526573181
5.0,0.8152064085006714
5.0,0.4672611057758331
5.0,0.0804292410612106
5.0,0.7772217392921448
5.0,0.5635094046592712
5.0,0.7255992889404297
5.0,0.7006722688674927
5.0,0.633025586605072
5.0,0.3322761654853821
5.0,0.4739136099815368
5.0,0.633256196975708
5.0,0.3860853612422943
5.0,0.4791736602783203
5.0,0.7660177946090698
5.0,0.8396571278572083
5.0,0.1837819665670395
5.0,0.5372461676597595
5.0,0.677207350730896
5.0,0.7441380023956299
5.0,0.7234393358230591
5.0,0.2241110503673553
5.0,0.7953724265098572
5.0,0.842421293258667
5.0,0.6141759753227234
5.0,0.6490220427513123
5.0,0.8658044338226318
5.0,0.1553094536066055
5.0,0.8985580205917358
5.0,0.3584620058536529
5.0,0.1838186383247375
5.0,0.7791808247566223
5.0,0.5260792374610901
5.0,0.4558367729187011
5.0,0.4661761224269867
5.0,0.2574613392353058
5.0,0.6187040209770203
5.0,0.577799916267395
5.0,0.8633826375007629
5.0,0.690440833568573
5.0,0.7243072986602783
5.0,0.7054527401924133
5.0,0.8163427114486694
5.0,0.8010062575340271
5.0,0.354588121175766
5.0,0.7634767889976501
5.0,0.587965190410614
5.0,0.2461196631193161
5.0,0.6180561184883118
5.0,0.5033040642738342
5.0,0.5400958061218262
5.0,0.6962316632270813
5.0,0.8735911846160889
5.0,0.6678212285041809
5.0,0.8718600869178772
6.0,0.8083444237709045
6.0,0.5566107034683228
6.0,0.7149998545646667
6.0,0.4656096994876861
6.0,0.2526274621486664
6.0,0.6993779540061951
6.0,0.7753265500068665
6.0,0.6309324502944946
6.0,0.6489846706390381
6.0,0.8451696634292603
6.0,0.7427142858505249
6.0,0.8124915361404419
6.0,0.3651978969573974
6.0,0.8098786473274231
6.0,0.102602332830429
6.0,0.7630341649055481
6.0,0.1371601670980453
6.0,0.8615136742591858
6.0,0.6714783310890198
6.0,0.7981023788452148
6.0,0.7051219344139099
6.0,0.7762556076049805
6.0,0.6683987975120544
6.0,0.403390884399414
6.0,0.7537247538566589
6.0,0.515566885471344
6.0,0.6722098588943481
6.0,0.7909067273139954
6.0,0.6141809225082397
6.0,0.6153953075408936
6.0,0.5366628766059875
6.0,0.4165224134922027
6.0,0.639543354511261
6.0,0.70644611120224
6.0,0.338422566652298
6.0,0.4563997089862823
6.0,0.5857123732566833
6.0,0.6170691847801208
6.0,0.1546443253755569
6.0,0.8468017578125
6.0,0.4257745146751404
6.0,0.6196760535240173
6.0,0.5597766041755676
6.0,0.6122011542320251
6.0,0.8793470859527588
6.0,0.5949121117591858
6.0,0.7515498399734497
6.0,0.6939019560813904
6.0,0.9046585559844972
6.0,0.3852582275867462
6.0,0.5135473608970642
6.0,0.4885889291763305
6.0,0.5823003649711609
6.0,0.7188135981559753
6.0,0.7006663084030151
6.0,0.1840479671955108
6.0,0.7124019265174866
6.0,0.6331263184547424
6.0,0.7641668915748596
6.0,0.7256130576133728
6.0,0.5374265909194946
6.0,0.6857509016990662
6.0,0.5650755167007446
6.0,0.3864380419254303
6.0,0.3699890375137329
6.0,0.2051956057548523
6.0,0.6596255898475647
6.0,0.5826089382171631
6.0,0.516941487789154
6.0,0.7579365372657776
6.0,0.4654246866703033
6.0,0.74527907371521
6.0,0.5698971748352051
6.0,0.7453997731208801
6.0,0.5363289713859558
6.0,0.5250148177146912
6.0,0.7945957183837891
6.0,0.8185873031616211
6.0,0.6870836019515991
6.0,0.6217940449714661
6.0,0.7155891060829163
6.0,0.8236132264137268
6.0,0.79092937707901
6.0,0.6435812711715698
6.0,4.1425021746199775e-10
6.0,0.300417959690094
6.0,0.8296487331390381
6.0,0.8497537970542908
6.0,0.6120699048042297
6.0,0.3257760405540466
6.0,0.5929853320121765
6.0,0.4785844385623932
6.0,0.6888484358787537
6.0,0.689612090587616
6.0,0.7353315353393555
6.0,0.3294192552566528
6.0,0.7153317928314209
6.0,0.8683025240898132
6.0,0.6157991290092468
6.0,0.4471210241317749
7.0,0.8110185265541077
7.0,0.4571709036827087
7.0,0.6995583772659302
7.0,0.8082950115203857
7.0,0.4988528490066528
7.0,0.8379063606262207
7.0,0.7928552031517029
7.0,0.4873883128166199
7.0,0.3963840007781982
7.0,0.6432732939720154
7.0,0.7524687051773071
7.0,0.634319007396698
7.0,0.7192183136940002
7.0,0.7408811450004578
7.0,0.8429115414619446
7.0,0.8718252778053284
7.0,0.594769299030304
7.0,0.7433004379272461
7.0,0.7441051602363586
7.0,0.5959751009941101
7.0,0.6055611968040466
7.0,0.4836058318614959
7.0,0.4298634529113769
7.0,0.6920872926712036
7.0,0.4126777052879333
7.0,0.814301073551178
7.0,4.1425021746199775e-10
7.0,0.6668253540992737
7.0,0.6891589164733887
7.0,0.5026752948760986
7.0,0.2728565633296966
7.0,0.6729736328125
7.0,0.7400500178337097
7.0,0.7080609202384949
7.0,0.8106118440628052
7.0,0.5327731370925903
7.0,0.8312939405441284
7.0,0.8816945552825928
7.0,0.5200187563896179
7.0,0.8657016158103943
7.0,0.7114244103431702
7.0,0.5439243912696838
7.0,0.6972969174385071
7.0,0.5357716083526611
7.0,0.0547499842941761
7.0,0.8751823306083679
7.0,0.6970179677009583
7.0,0.7382926940917969
7.0,0.6330319046974182
7.0,0.7197146415710449
7.0,0.8489701151847839
7.0,0.6142524480819702
7.0,0.7775943875312805
7.0,0.6387396454811096
7.0,0.7688609957695007
7.0,0.8516774773597717
7.0,0.0931004807353019
7.0,0.6330382227897644
7.0,0.6680460572242737
7.0,0.6885538101196289
7.0,0.6181917786598206
7.0,0.3428604006767273
7.0,0.7975254058837891
7.0,0.7490243911743164
7.0,0.7454878687858582
7.0,0.772882342338562
7.0,0.6096383929252625
7.0,0.542716383934021
7.0,0.7644219994544983
7.0,0.7143194675445557
7.0,0.9127041697502136
7.0,0.6910786628723145
7.0,0.2676416337490082
7.0,0.4485308527946472
7.0,0.8703629970550537
7.0,0.618600606918335
7.0,0.1650244891643524
7.0,0.8315569758415222
7.0,0.572040855884552
7.0,0.7897553443908691
7.0,0.7548505663871765
7.0,0.7924690842628479
7.0,0.7440884709358215
7.0,0.699648916721344
7.0,0.2352255433797836
7.0,0.7593263387680054
7.0,0.5562329292297363
7.0,0.3817441761493683
7.0,0.6562319993972778
7.0,0.8244442343711853
7.0,0.864155113697052
7.0,0.8257757425308228
7.0,0.7410072088241577
7.0,0.7089171409606934
7.0,0.5021670460700989
7.0,0.8143961429595947
7.0,0.8279411792755127
7.0,0.3042769134044647
7.0,0.6683907508850098
7.0,0.5638519525527954
8.0,0.8497542142868042
8.0,0.6625961661338806
8.0,0.900629460811615
8.0,0.7890939116477966
8.0,0.7216358780860901
8.0,0.7936351299285889
8.0,0.5941694974899292
8.0,0.8770285844802856
8.0,0.5771875977516174
8.0,0.890403687953949
8.0,0.724554181098938
8.0,0.7592397332191467
8.0,0.6879280209541321
8.0,0.4864510595798492
8.0,0.7735865116119385
8.0,0.7539715766906738
8.0,0.2753717303276062
8.0,0.6604685187339783
8.0,0.7010951638221741
8.0,0.7229865789413452
8.0,0.1888859421014785
8.0,0.6330903172492981
8.0,0.840664803981781
8.0,0.726629376411438
8.0,0.4979013502597809
8.0,0.8174373507499695
8.0,0.7442037463188171
8.0,0.7752355933189392
8.0,0.4759446680545807
8.0,0.5297558307647705
8.0,0.803196132183075
8.0,0.5516578555107117
8.0,0.5262449383735657
8.0,0.5747078657150269
8.0,0.3460310101509094
8.0,0.1466485857963562
8.0,0.6510985493659973
8.0,0.7298361659049988
8.0,0.5237324237823486
8.0,0.7506996393203735
8.0,0.4858985245227813
8.0,0.7569242119789124
8.0,0.7103740572929382
8.0,0.7660542130470276
8.0,0.699059247970581
8.0,0.7865945100784302
8.0,0.4266678392887115
8.0,0.8813443183898926
8.0,0.5764108300209045
8.0,0.0466882176697254
8.0,0.6882026195526123
8.0,0.4857513308525085
8.0,0.2552566826343536
8.0,0.8010874390602112
8.0,0.7791135311126709
8.0,0.864838182926178
8.0,0.1699709445238113
8.0,0.8565024733543396
8.0,0.5925894975662231
8.0,0.8416096568107605
8.0,0.6779529452323914
8.0,0.6857035160064697
8.0,0.7500150799751282
8.0,0.8704476952552795
8.0,0.5688056349754333
8.0,0.5976948142051697
8.0,0.7528051137924194
8.0,0.3343440592288971
8.0,0.4057554602622986
8.0,0.6631554365158081
8.0,0.8755863308906555
8.0,0.7593767046928406
8.0,0.7149636149406433
8.0,0.6808412671089172
8.0,0.6560766696929932
8.0,0.6154347658157349
8.0,0.7522712349891663
8.0,0.7918518781661987
8.0,0.8102744221687317
8.0,0.762613832950592
8.0,4.1425021746199775e-10
8.0,0.8228671550750732
8.0,0.8594143986701965
8.0,0.6777386665344238
8.0,0.7521704435348511
8.0,0.7350145578384399
8.0,0.7630163431167603
8.0,0.8692386746406555
8.0,0.8098810315132141
8.0,0.4649609625339508
8.0,0.8035475015640259
8.0,0.6531782150268555
8.0,0.7770675420761108
8.0,0.2138285934925079
8.0,0.6864327192306519
8.0,0.8391494154930115
8.0,0.7516458034515381
8.0,0.6369591355323792
8.0,0.3371104896068573
8.0,0.5234737992286682
9.0,0.8455999493598938
9.0,0.824651300907135
9.0,0.8460412621498108
9.0,0.860090970993042
9.0,0.336062490940094
9.0,0.8327886462211609
9.0,0.4687298536300659
9.0,0.8026783466339111
9.0,0.4869190454483032
9.0,0.7781988978385925
9.0,0.8617295026779175
9.0,0.4539290368556976
9.0,0.6330539584159851
9.0,0.7774291634559631
9.0,0.7063142657279968
9.0,0.7341237664222717
9.0,0.8026102781295776
9.0,0.8712121248245239
9.0,0.7328385710716248
9.0,0.5172107219696045
9.0,0.8209437727928162
9.0,4.1425021746199775e-10
9.0,0.5833759307861328
9.0,0.8158168792724609
9.0,0.362310528755188
9.0,0.7464077472686768
9.0,0.8237984776496887
9.0,0.8366129398345947
9.0,0.3305676877498626
9.0,0.5664309859275818
9.0,0.7678326368331909
9.0,0.6883803009986877
9.0,0.8903713226318359
9.0,0.6559231877326965
9.0,0.7412002682685852
9.0,0.7575222849845886
9.0,0.795538604259491
9.0,0.3577506244182586
9.0,0.8606166243553162
9.0,0.7868914604187012
9.0,0.7342128753662109
9.0,0.5727046132087708
9.0,0.504210889339447
9.0,0.788453221321106
9.0,0.5241000652313232
9.0,0.7110080718994141
9.0,0.756711483001709
9.0,0.7223799228668213
9.0,0.8763372302055359
9.0,0.7292019128799438
9.0,0.5498698949813843
9.0,0.6817976832389832
9.0,0.8345224261283875
9.0,0.8838852643966675
9.0,0.5245798826217651
9.0,0.7997224926948547
9.0,0.818198025226593
9.0,0.7016907334327698
9.0,0.6767258048057556
9.0,0.7757564783096313
9.0,0.6945978403091431
9.0,0.5386962890625
9.0,0.0261667948216199
9.0,0.841870129108429
9.0,0.6309909820556641
9.0,0.7688981890678406
9.0,0.8222748041152954
9.0,0.7717994451522827
9.0,0.6597216725349426
9.0,0.5770422220230103
9.0,0.8036676049232483
9.0,0.7541056871414185
9.0,0.6847808957099915
9.0,0.6066206097602844
9.0,0.8069213628768921
9.0,0.4206368923187256
9.0,0.8328765034675598
9.0,0.7420364022254944
9.0,0.8746840357780457
9.0,0.3367973566055298
9.0,0.614435613155365
9.0,0.6200164556503296
9.0,0.3104203045368194
9.0,0.4231670796871185
9.0,0.7439407110214233
9.0,0.1759708970785141
9.0,0.7897099852561951
9.0,0.7953709363937378
9.0,0.6984062194824219
9.0,0.8789342641830444
9.0,0.735270619392395
9.0,0.7810849547386169
9.0,0.6524420976638794
9.0,0.9198753237724304
9.0,0.7541916370391846
9.0,0.7832212448120117
9.0,0.6554703712463379
9.0,0.6778011322021484
9.0,0.6513634920120239
9.0,0.8892656564712524
10.0,0.8797240257263184
10.0,0.8057600855827332
10.0,0.6082507371902466
10.0,0.8181619644165039
10.0,0.8606764674186707
10.0,0.846707820892334
10.0,0.5112465620040894
10.0,0.7076409459114075
10.0,0.4503678977489471
10.0,0.4497575461864471
10.0,0.0611339882016181
10.0,0.8770772218704224
10.0,0.3020962476730346
10.0,0.8767815232276917
10.0,0.5039982199668884
10.0,0.7739194631576538
10.0,0.4778571426868438
10.0,0.764801025390625
10.0,0.7159003019332886
10.0,0.639431893825531
10.0,0.9050602316856384
10.0,0.8153288960456848
10.0,0.78220534324646
10.0,0.3811376988887787
10.0,0.7671379446983337
10.0,0.2294654101133346
10.0,0.7631912231445312
10.0,0.7930299043655396
10.0,0.7946119904518127
10.0,0.7571636438369751
10.0,0.741817057132721
10.0,0.7907167077064514
10.0,0.8314128518104553
10.0,0.775657594203949
10.0,0.3495615422725677
10.0,0.7848032712936401
10.0,0.8336805105209351
10.0,0.8598411083221436
10.0,0.7752832174301147
10.0,0.6582739353179932
10.0,0.7918154001235962
10.0,0.8697119951248169
10.0,0.6533306241035461
10.0,0.813441276550293
10.0,0.8320513367652893
10.0,0.5227943062782288
10.0,0.7762870192527771
10.0,0.7826110124588013
10.0,0.5502545237541199
10.0,0.9157349467277528
10.0,0.7168779373168945
10.0,0.5670292973518372
10.0,0.7121968269348145
10.0,0.8450503945350647
10.0,0.617321789264679
10.0,0.7772151827812195
10.0,0.8355324864387512
10.0,0.3040425181388855
10.0,0.8854259252548218
10.0,0.6961130499839783
10.0,0.8408961892127991
10.0,0.1761720329523086
10.0,0.5022823810577393
10.0,0.5544626712799072
10.0,0.754507303237915
10.0,0.4548633098602295
10.0,0.8754760026931763
10.0,0.4432908296585083
10.0,0.6674876809120178
10.0,0.7098734378814697
10.0,0.6676052808761597
10.0,0.8181954026222229
10.0,0.8331627249717712
10.0,0.8441706895828247
10.0,0.5354945063591003
10.0,4.1425021746199775e-10
10.0,0.7374147772789001
10.0,0.7745397686958313
10.0,0.5860092043876648
10.0,0.8437865376472473
10.0,0.7833982110023499
10.0,0.6315369009971619
10.0,0.8840835690498352
10.0,0.7550227046012878
10.0,0.8274574875831604
10.0,0.746794581413269
10.0,0.6873201131820679
10.0,0.5910638570785522
10.0,0.6983864903450012
10.0,0.8335892558097839
10.0,0.626867413520813
10.0,0.8154487609863281
10.0,0.2943368554115295
10.0,0.5555555820465088
10.0,0.7094188332557678
10.0,0.8468050360679626
10.0,0.7811812162399292
10.0,0.8812164664268494
10.0,0.645376443862915
10.0,0.9037806987762452
11.0,0.8200491666793823
11.0,0.7706097960472107
11.0,0.7630295157432556
11.0,0.9189189076423644
11.0,0.546661913394928
11.0,0.2251272499561309
11.0,0.6186707019805908
11.0,0.7864553332328796
11.0,0.8095305562019348
11.0,0.014529095031321
11.0,0.73240727186203
11.0,0.7915936708450317
11.0,0.8439956903457642
11.0,0.4731028378009796
11.0,0.8855066895484924
11.0,0.2101350724697113
11.0,0.8442975282669067
11.0,0.8813530802726746
11.0,0.7490866780281067
11.0,0.8257822394371033
11.0,0.8047446608543396
11.0,0.7061296701431274
11.0,0.8487688302993774
11.0,0.8756162524223328
11.0,0.8085007071495056
11.0,0.8162322640419006
11.0,0.8390840888023376
11.0,0.8000242710113525
11.0,0.7937194108963013
11.0,0.6765629053115845
11.0,0.6274951696395874
11.0,0.864449679851532
11.0,0.8875060081481934
11.0,0.564623236656189
11.0,0.3572964668273926
11.0,0.8639901280403137
11.0,0.8302208185195923
11.0,0.6443091630935669
11.0,0.7990099191665649
11.0,0.8857434391975403
11.0,0.3092381060123443
11.0,0.7427650690078735
11.0,0.7514097690582275
11.0,0.7335013151168823
11.0,0.7053221464157104
11.0,0.5782674551010132
11.0,0.6238113641738892
11.0,0.548360288143158
11.0,0.8761723041534424
11.0,0.7741478681564331
11.0,0.7273898720741272
11.0,0.8089920282363892
11.0,0.5933387875556946
11.0,0.4991122186183929
11.0,0.8799653649330139
11.0,0.8123717308044434
11.0,0.2798512279987335
11.0,0.849737823009491
11.0,0.5479894876480103
11.0,0.1818239092826843
11.0,0.6277090907096863
11.0,0.6827208399772644
11.0,0.8769230842590332
11.0,0.8888854384422302
11.0,0.8649930953979492
11.0,0.4141976237297058
11.0,0.6576054096221924
11.0,0.5360137224197388
11.0,0.8205056190490723
11.0,0.9023953676223756
11.0,0.71221923828125
11.0,0.8350436091423035
11.0,0.7933614253997803
11.0,0.6521579623222351
11.0,0.8465370535850525
11.0,0.2640646994113922
11.0,0.4184346795082092
11.0,0.8676245808601379
11.0,0.7977290153503418
11.0,0.9128478169441224
11.0,0.8869847059249878
11.0,0.8198046088218689
11.0,0.841022253036499
11.0,0.7998063564300537
11.0,0.8067695498466492
11.0,0.663970410823822
11.0,0.7126327157020569
11.0,0.5008230805397034
11.0,0.4987386763095855
11.0,0.3309977352619171
11.0,0.7903904318809509
11.0,0.8387107849121094
11.0,0.7684134840965271
11.0,0.8935737609863281
11.0,0.4983203709125519
11.0,0.71527498960495
11.0,4.1425021746199775e-10
11.0,0.7536724209785461
11.0,0.8060885071754456
11.0,0.9236618876457214
12.0,0.8063860535621643
12.0,0.7818723917007446
12.0,0.6280444860458374
12.0,4.1425021746199775e-10
12.0,0.8914023041725159
12.0,7.581501398901125e-11
12.0,0.8500343561172485
12.0,0.3426237404346466
12.0,0.8076245784759521
12.0,0.7347518801689148
12.0,0.8526286482810974
12.0,0.3416613042354584
12.0,0.704326331615448
12.0,0.6525899767875671
12.0,0.7743703722953796
12.0,0.7738513946533203
12.0,0.3484441339969635
12.0,0.8375181555747986
12.0,0.6465232968330383
12.0,0.5371991991996765
12.0,0.7507296800613403
12.0,0.7493284344673157
12.0,0.6685760617256165
12.0,0.7808806300163269
12.0,0.8944405913352966
12.0,0.8619229197502136
12.0,0.8708028197288513
12.0,0.8701313138008118
12.0,0.6505213379859924
12.0,0.509907066822052
12.0,0.8190840482711792
12.0,0.5425392389297485
12.0,0.8856932520866394
12.0,0.8127658367156982
12.0,0.5547568202018738
12.0,0.8606919646263123
12.0,0.7395358681678772
12.0,0.6997432112693787
12.0,0.7954449653625488
12.0,0.5533927083015442
12.0,0.6562790274620056
12.0,0.8304156064987183
12.0,0.7925291657447815
12.0,0.6062291264533997
12.0,0.8219982385635376
12.0,0.511746883392334
12.0,0.5993475914001465
12.0,0.5750280618667603
12.0,0.9181507229804992
12.0,0.8877514600753784
12.0,0.8272924423217773
12.0,0.9174573421478271
12.0,0.4306316673755646
12.0,0.3503047227859497
12.0,0.8854996562004089
12.0,0.8162533640861511
12.0,0.8210855722427368
12.0,0.5756429433822632
12.0,0.8479119539260864
12.0,0.8378068208694458
12.0,0.8276052474975586
12.0,0.5199828743934631
12.0,0.4441607892513275
12.0,0.8926942348480225
12.0,0.7989158034324646
12.0,0.8856096863746643
12.0,0.7986903786659241
12.0,0.1774130761623382
12.0,0.7315629124641418
12.0,0.8075342774391174
12.0,0.8012909293174744
12.0,0.7010816335678101
12.0,0.9214307069778442
12.0,0.8094500303268433
12.0,0.6419212222099304
12.0,0.7858481407165527
12.0,0.837958812713623
12.0,0.7393262982368469
12.0,0.6679745316505432
12.0,0.8658357262611389
12.0,0.8712338805198669
12.0,0.7936632037162781
12.0,0.8517557978630066
12.0,0.7710139155387878
12.0,0.6799318194389343
12.0,0.8108936548233032
12.0,0.875896692276001
12.0,0.8043504953384399
12.0,0.6767319440841675
12.0,0.7512375712394714
12.0,0.5582345724105835
12.0,0.8452972173690796
12.0,0.2965283989906311
12.0,0.6198131442070007
12.0,0.8651454448699951
12.0,0.7183979749679565
12.0,0.7650168538093567
12.0,0.8238103985786438
12.0,0.393464058637619
12.0,0.8308850526809692
13.0,0.7953161001205444
13.0,0.6609521508216858
13.0,0.849077582359314
13.0,0.657309889793396
13.0,0.8944236636161804
13.0,0.7307882905006409
13.0,0.8379709720611572
13.0,0.3750951290130615
13.0,0.5054395198822021
13.0,0.6392049193382263
13.0,0.6191243529319763
13.0,0.8911876082420349
13.0,0.0402319952845573
13.0,0.8057523369789124
13.0,0.8069115877151489
13.0,0.7073719501495361
13.0,0.4059279263019562
13.0,0.8972718119621277
13.0,0.6236426830291748
13.0,0.8415235280990601
13.0,0.923820436000824
13.0,0.8874496817588806
13.0,0.8690358400344849
13.0,0.8205450773239136
13.0,0.8059535026550293
13.0,0.8395898938179016
13.0,0.7372686266899109
13.0,0.9379777908325196
13.0,0.2990102767944336
13.0,0.7845726013183594
13.0,0.8601421117782593
13.0,0.4636280834674835
13.0,0.5401024222373962
13.0,0.7816827893257141
13.0,0.8940172791481018
13.0,0.3569322824478149
13.0,0.8169904947280884
13.0,0.8187527656555176
13.0,0.213422417640686
13.0,0.8657515048980713
13.0,0.8262479901313782
13.0,0.8462734818458557
13.0,0.8300211429595947
13.0,0.8647224307060242
13.0,4.1425021746199775e-10
13.0,0.6014693975448608
13.0,0.7539355158805847
13.0,0.5506822466850281
13.0,0.8100380301475525
13.0,0.8303419351577759
13.0,0.5073367357254028
13.0,0.8800753951072693
13.0,0.9138064980506896
13.0,0.7836428284645081
13.0,0.6403055787086487
13.0,0.8155077695846558
13.0,0.6806699633598328
13.0,0.8474606871604919
13.0,0.7517064213752747
13.0,0.8979689478874207
13.0,0.8545359373092651
13.0,0.5428345203399658
13.0,0.6658869981765747
13.0,0.6795901656150818
13.0,0.7481929659843445
13.0,0.239120215177536
13.0,0.7716341614723206
13.0,0.4409888982772827
13.0,0.1804786324501037
13.0,0.8658325672149658
13.0,0.6653337478637695
13.0,0.4666214287281036
13.0,0.861077606678009
13.0,0.7801432013511658
13.0,0.8851907849311829
13.0,0.6681863069534302
13.0,0.8786419630050659
13.0,0.8614440560340881
13.0,0.8168848752975464
13.0,0.8115450739860535
13.0,0.8479942083358765
13.0,0.9218463897705078
13.0,0.829152524471283
13.0,0.8689178824424744
13.0,0.3235819339752197
13.0,0.7553775906562805
13.0,0.7498271465301514
13.0,0.7830935716629028
13.0,0.7279279828071594
13.0,0.7923399209976196
13.0,0.9045418500900269
13.0,0.4974539279937744
13.0,0.2904854416847229
13.0,0.8079712390899658
13.0,0.820425808429718
13.0,0.8145846128463745
13.0,0.8781114816665649
13.0,0.8590549230575562
13.0,0.7428768873214722
13.0,0.8797399997711182
14.0,0.4111082553863525
14.0,0.8090193271636963
14.0,0.6826564073562622
14.0,0.5167632102966309
14.0,0.7730715274810791
14.0,0.8584682941436768
14.0,0.7486542463302612
14.0,0.8483754396438599
14.0,0.8959736824035645
14.0,0.3501387536525726
14.0,0.7375420331954956
14.0,0.8073570132255554
14.0,0.4963932633399963
14.0,4.1425021746199775e-10
14.0,0.8075989484786987
14.0,0.5885183215141296
14.0,0.7395567893981934
14.0,0.8790778517723083
14.0,0.8236613869667053
14.0,0.7997784614562988
14.0,0.8584850430488586
14.0,0.8333619236946106
14.0,0.7859636545181274
14.0,0.5736684799194336
14.0,0.7300766110420227
14.0,0.8211030960083008
14.0,0.7704271674156189
14.0,0.7495840191841125
14.0,0.9179786443710328
14.0,0.7631862759590149
14.0,0.3523885905742645
14.0,0.5501077771186829
14.0,0.868354856967926
14.0,0.911454975605011
14.0,0.4309047758579254
14.0,0.7526875734329224
14.0,0.656365692615509
14.0,0.8076760768890381
14.0,0.521929919719696
14.0,0.7788481712341309
14.0,0.7482923865318298
14.0,0.0501828826963901
14.0,0.7061993479728699
14.0,0.8374059796333313
14.0,0.816314697265625
14.0,0.8461538553237915
14.0,0.7740002274513245
14.0,0.5011371374130249
14.0,0.811712920665741
14.0,0.6447332501411438
14.0,0.3833564817905426
14.0,0.799035370349884
14.0,0.5718579888343811
14.0,0.8871325850486755
14.0,0.7568618655204773
14.0,0.595166027545929
14.0,0.7597129940986633
14.0,0.828622579574585
14.0,0.3580785989761352
14.0,0.8434889912605286
14.0,0.745069682598114
14.0,0.8479220867156982
14.0,0.6522775292396545
14.0,0.7897254824638367
14.0,0.7895621657371521
14.0,0.7737523317337036
14.0,0.6195439696311951
14.0,0.876647412776947
14.0,0.8516644835472107
14.0,0.869988739490509
14.0,0.8926321864128113
14.0,0.8463748097419739
14.0,0.8280165195465088
14.0,0.8232995271682739
14.0,0.8873519897460938
14.0,0.6740975379943848
14.0,0.8776528239250183
14.0,0.3213836252689361
14.0,0.6285605430603027
14.0,0.8760930299758911
14.0,0.8870463371276855
14.0,0.8794806003570557
14.0,0.7810890078544617
14.0,0.8643978834152222
14.0,0.8082267642021179
14.0,0.4022945165634155
14.0,0.6615152955055237
14.0,0.6747487187385559
14.0,0.6616201400756836
14.0,0.8736429214477539
14.0,0.4522372484207153
14.0,0.5958293080329895
14.0,0.7647299766540527
14.0,0.8130478262901306
14.0,0.944010317325592
14.0,0.8087988495826721
14.0,0.859876811504364
14.0,0.7923843264579773
14.0,0.293202131986618
14.0,0.1790581047534942
15.0,0.8332412838935852
15.0,0.6446323394775391
15.0,0.8316662311553955
15.0,0.5295934081077576
15.0,0.869718074798584
15.0,0.6219860911369324
15.0,4.1425021746199775e-10
15.0,0.9455775618553162
15.0,0.8343052864074707
15.0,0.4135763645172119
15.0,0.8664411306381226
15.0,0.8504655957221985
15.0,0.8615164756774902
15.0,0.6615652441978455
15.0,0.8231076002120972
15.0,0.7661402225494385
15.0,0.8924195766448975
15.0,0.9002239108085632
15.0,0.7760998606681824
15.0,0.7866844534873962
15.0,0.7784853577613831
15.0,0.7739417552947998
15.0,0.7322568297386169
15.0,0.185876190662384
15.0,0.3762376308441162
15.0,0.6263135671615601
15.0,0.9121094346046448
15.0,0.8815916180610657
15.0,0.8522935509681702
15.0,0.4362775385379791
15.0,0.8355193138122559
15.0,0.6893517374992371
15.0,0.5548287034034729
15.0,0.7733645439147949
15.0,0.6868365406990051
15.0,0.7787303328514099
15.0,0.7839056253433228
15.0,0.695115864276886
15.0,0.6849542260169983
15.0,0.4464807510375976
15.0,0.7740053534507751
15.0,0.8835154175758362
15.0,0.5078708529472351
15.0,0.8391125202178955
15.0,0.5130892992019653
15.0,0.8183834552764893
15.0,0.9083518385887146
15.0,0.8784790635108948
15.0,0.8687950968742371
15.0,0.8373156189918518
15.0,0.3639122545719147
15.0,0.8507866859436035
15.0,0.7813279628753662
15.0,0.8552408814430237
15.0,0.9361600875854492
15.0,0.8090978264808655
15.0,0.8213602304458618
15.0,8.169267345925489e-11
15.0,0.8203172087669373
15.0,0.8935959339141846
15.0,0.6927034258842468
15.0,0.8802816867828369
15.0,0.5867952704429626
15.0,0.8314088582992554
15.0,0.7004431486129761
15.0,0.8773860931396484
15.0,0.3890416920185089
15.0,0.8611692786216736
15.0,0.7665600180625916
15.0,0.8887959718704224
15.0,0.846757709980011
15.0,0.891833484172821
15.0,0.7668189406394958
15.0,0.8171694874763489
15.0,0.8149681687355042
15.0,0.6418824791908264
15.0,0.5139524936676025
15.0,0.8744208216667175
15.0,0.8466137647628784
15.0,0.8765652775764465
15.0,0.8989710211753845
15.0,0.6396784782409668
15.0,0.5234139561653137
15.0,0.8997150659561157
15.0,0.8184525370597839
15.0,0.3954707682132721
15.0,0.861526370048523
15.0,0.8702232837677002
15.0,0.706062912940979
15.0,0.7896534204483032
15.0,0.8997153639793396
15.0,0.8532050251960754
15.0,0.4196369349956512
15.0,0.5148165225982666
15.0,0.6137105822563171
15.0,0.6796638369560242
15.0,0.7155995965003967
15.0,0.7765094637870789
15.0,0.7532535195350647
15.0,0.9208285808563232
16.0,0.8119509220123291
16.0,0.7909601926803589
16.0,0.5133324265480042
16.0,0.495755136013031
16.0,0.4113655984401703
16.0,0.8940839767456055
16.0,0.6457302570343018
16.0,0.7489339709281921
16.0,0.7593216896057129
16.0,0.7005605101585388
16.0,8.13140318967065e-11
16.0,0.4710623621940613
16.0,0.4335238039493561
16.0,0.8595073819160461
16.0,0.8548244833946228
16.0,0.7788403630256653
16.0,0.7705217003822327
16.0,0.8443337678909302
16.0,0.84686678647995
16.0,0.8866822719573975
16.0,0.9017366766929626
16.0,0.8849934339523315
16.0,0.8667492866516113
16.0,0.8604227304458618
16.0,0.6064538955688477
16.0,0.4015525877475738
16.0,0.7214354872703552
16.0,0.6109261512756348
16.0,0.922168791294098
16.0,0.892862856388092
16.0,0.8224400877952576
16.0,0.9421969056129456
16.0,0.8724072575569153
16.0,0.8811931610107422
16.0,0.8563969135284424
16.0,0.883349597454071
16.0,0.8134108781814575
16.0,0.9383849501609802
16.0,0.5343053936958313
16.0,0.1845931857824325
16.0,0.9044713973999025
16.0,0.8639588356018066
16.0,0.5220352411270142
16.0,0.8039190173149109
16.0,0.8211570382118225
16.0,0.5627827048301697
16.0,0.879635214805603
16.0,0.7893639206886292
16.0,0.7004261612892151
16.0,0.9148390293121338
16.0,0.8702049255371094
16.0,0.8967463970184326
16.0,0.8317528367042542
16.0,0.688770055770874
16.0,0.8245066404342651
16.0,0.829443097114563
16.0,0.893306314945221
16.0,0.8773853778839111
16.0,0.8414977788925171
16.0,0.8724163174629211
16.0,0.6322424411773682
16.0,0.7850823998451233
16.0,0.8051773309707642
16.0,0.7917621731758118
16.0,0.8952909111976624
16.0,0.7377820014953613
16.0,0.8503948450088501
16.0,0.7681266665458679
16.0,0.6865052580833435
16.0,0.8353672027587891
16.0,0.8263942003250122
16.0,0.7182701826095581
16.0,0.6704264879226685
16.0,0.8257655501365662
16.0,0.8775257468223572
16.0,0.5177891850471497
16.0,0.89341139793396
16.0,0.7764527201652527
16.0,0.5659385919570923
16.0,0.7594720721244812
16.0,0.6662976741790771
16.0,0.4424163103103637
16.0,0.826998233795166
16.0,0.6804699301719666
16.0,0.601068913936615
16.0,0.9128401875495912
16.0,0.7690346240997314
16.0,0.7835240364074707
16.0,0.7590018510818481
16.0,4.1425021746199775e-10
16.0,0.4125045537948608
16.0,0.722148597240448
16.0,0.6575381755828857
16.0,0.8296135663986206
16.0,0.4935783147811889
16.0,0.8576259016990662
16.0,0.3578144311904907
16.0,0.8319585919380188
16.0,0.8294435143470764
16.0,0.6461473107337952
17.0,0.9251620173454284
17.0,0.7650261521339417
17.0,0.638701856136322
17.0,0.1849707216024398
17.0,0.7390871047973633
17.0,0.5123717188835144
17.0,0.8472914099693298
17.0,0.8211875557899475
17.0,0.8064850568771362
17.0,0.5738875865936279
17.0,0.8849811553955078
17.0,0.5104656219482422
17.0,0.7638410925865173
17.0,0.8264845609664917
17.0,0.5447065234184265
17.0,0.7270188331604004
17.0,0.904743790626526
17.0,0.6798166036605835
17.0,0.8970680236816406
17.0,0.3513219058513641
17.0,0.8741640448570251
17.0,0.8973287343978882
17.0,0.410951018333435
17.0,0.846946656703949
17.0,0.8659024238586426
17.0,0.7907334566116333
17.0,0.6844040155410767
17.0,0.6532520651817322
17.0,0.8690086603164673
17.0,0.768884003162384
17.0,0.7805328369140625
17.0,7.879599750459929e-11
17.0,0.6928442716598511
17.0,0.826069176197052
17.0,0.8908360600471497
17.0,0.6387198567390442
17.0,0.7640148401260376
17.0,0.7537056803703308
17.0,0.4846242070198059
17.0,0.8410121202468872
17.0,0.8848873376846313
17.0,0.6886432766914368
17.0,0.8686638474464417
17.0,0.6587393283843994
17.0,0.8304534554481506
17.0,0.7573537826538086
17.0,0.8396304249763489
17.0,0.896858811378479
17.0,4.1425021746199775e-10
17.0,0.6716543436050415
17.0,0.7965120673179626
17.0,0.8798491358757019
17.0,0.5725453495979309
17.0,0.4438775479793548
17.0,0.4552712440490722
17.0,0.3619777858257293
17.0,0.8975775837898254
17.0,0.8440821766853333
17.0,0.7966893315315247
17.0,0.8640484809875488
17.0,0.8716624975204468
17.0,0.813144862651825
17.0,0.9448296427726746
17.0,0.7683538794517517
17.0,0.449246346950531
17.0,0.7071154117584229
17.0,0.8510163426399231
17.0,0.8148860931396484
17.0,0.7751358151435852
17.0,0.3748751878738403
17.0,0.3588497936725616
17.0,0.8254212737083435
17.0,0.8284270763397217
17.0,0.8301310539245605
17.0,0.8137291073799133
17.0,0.2791572511196136
17.0,0.8701616525650024
17.0,0.7685627937316895
17.0,0.67733234167099
17.0,0.6900168061256409
17.0,0.8429322838783264
17.0,0.7847903370857239
17.0,0.7436593174934387
17.0,0.5526041984558105
17.0,0.9058091044425964
17.0,0.8409216403961182
17.0,0.860211193561554
17.0,0.8497200012207031
17.0,0.655046284198761
17.0,0.8806516528129578
17.0,0.8804259896278381
17.0,0.8804191946983337
17.0,0.8975625038146973
17.0,0.918473184108734
17.0,0.9502821564674376
17.0,0.7898141145706177
17.0,0.8890473246574402
17.0,0.8893653154373169
17.0,0.8208308815956116
17.0,0.5881538391113281
18.0,0.7537938952445984
18.0,0.7532982230186462
18.0,0.8883524537086487
18.0,0.5022391080856323
18.0,0.7627752423286438
18.0,0.8712150454521179
18.0,0.5100219249725342
18.0,0.8807779550552368
18.0,0.8200916647911072
18.0,0.746839165687561
18.0,0.8128346800804138
18.0,0.6623041033744812
18.0,0.8852314949035645
18.0,0.8520539402961731
18.0,0.7642235159873962
18.0,0.8735700845718384
18.0,0.1819883435964584
18.0,0.9134026169776917
18.0,0.446125715970993
18.0,0.7883328795433044
18.0,0.8904223442077637
18.0,0.8770519495010376
18.0,0.8306435346603394
18.0,0.8191156387329102
18.0,0.8797938823699951
18.0,0.357963502407074
18.0,0.8122350573539734
18.0,0.7721058130264282
18.0,0.8915908336639404
18.0,0.4831949174404144
18.0,0.6020482182502747
18.0,0.766774594783783
18.0,0.87843918800354
18.0,0.7721565365791321
18.0,0.8696162700653076
18.0,0.5212922096252441
18.0,0.8186085820198059
18.0,0.818902313709259
18.0,0.6586155891418457
18.0,0.8260536193847656
18.0,0.4105566143989563
18.0,0.7014749646186829
18.0,0.3892614245414734
18.0,0.8288489580154419
18.0,0.7575510144233704
18.0,0.6946206092834473
18.0,0.8112176060676575
18.0,0.948119044303894
18.0,0.9015617966651917
18.0,0.5212849974632263
18.0,0.916386067867279
18.0,0.79220050573349
18.0,0.6176947951316833
18.0,0.8674790859222412
18.0,0.839242160320282
18.0,0.8051528334617615
18.0,0.7270451188087463
18.0,0.691016435623169
18.0,0.8194295763969421
18.0,0.8802852630615234
18.0,0.8560590744018555
18.0,0.8811058402061462
18.0,0.6911571621894836
18.0,0.8095467686653137
18.0,0.8734506368637085
18.0,0.8740858435630798
18.0,0.8991071581840515
18.0,0.8546557426452637
18.0,0.8708271384239197
18.0,0.6649545431137085
18.0,0.8466769456863403
18.0,0.4255075752735138
18.0,0.8121827244758606
18.0,0.8970082402229309
18.0,0.533707857131958
18.0,0.7510902285575867
18.0,0.8245754241943359
18.0,4.1425021746199775e-10
18.0,0.4870367646217346
18.0,0.6884275078773499
18.0,0.789117157459259
18.0,0.7023531794548035
18.0,0.5515068173408508
18.0,0.8560991883277893
18.0,0.7668808102607727
18.0,0.9405229091644288
18.0,0.891901433467865
18.0,7.784524413967375e-11
18.0,0.6423296928405762
18.0,0.8524168729782104
18.0,0.8627748489379883
18.0,0.6585872769355774
18.0,0.7070624232292175
18.0,0.4847558438777923
18.0,0.8274407982826233
18.0,0.6197789311408997
18.0,0.8486647009849548
18.0,0.3629820048809051
18.0,0.6277669072151184
18.0,0.6926316022872925
19.0,0.6137426495552063
19.0,0.7754079103469849
19.0,0.7413643598556519
19.0,0.732342004776001
19.0,0.5810249447822571
19.0,0.609258234500885
19.0,0.7678295373916626
19.0,0.5380178093910217
19.0,0.5432596206665039
19.0,0.8444799780845642
19.0,0.8689287900924683
19.0,0.2967581152915954
19.0,0.9055168628692628
19.0,0.4080612361431122
19.0,0.8846021890640259
19.0,0.9093218445777892
19.0,0.8971412777900696
19.0,0.9092382788658142
19.0,0.9012390971183776
19.0,0.7374308705329895
19.0,0.5649230480194092
19.0,0.8698475360870361
19.0,0.9053936004638672
19.0,0.8812393546104431
19.0,0.8471395969390869
19.0,0.8531197905540466
19.0,0.8370721340179443
19.0,0.6182127594947815
19.0,0.8946717977523804
19.0,0.7420762777328491
19.0,0.8408666849136353
19.0,0.746608316898346
19.0,4.1425021746199775e-10
19.0,0.8541610836982727
19.0,0.826978862285614
19.0,0.8482230305671692
19.0,0.8068678379058838
19.0,0.8230464458465576
19.0,0.8445557951927185
19.0,0.5298274159431458
19.0,0.8235477209091187
19.0,0.7874158620834351
19.0,0.8616235852241516
19.0,0.6830641627311707
19.0,0.7614496350288391
19.0,0.4687644839286804
19.0,0.7844001650810242
19.0,0.7279175519943237
19.0,0.8974862694740295
19.0,0.1878581941127777
19.0,7.835148502222111e-11
19.0,0.7005067467689514
19.0,0.8533743023872375
19.0,0.8480485677719116
19.0,0.4689349830150604
19.0,0.798358678817749
19.0,0.8628154993057251
19.0,0.7622628808021545
19.0,0.9517022967338562
19.0,0.7990807294845581
19.0,0.8381416201591492
19.0,0.6920557618141174
19.0,0.8690558671951294
19.0,0.507419764995575
19.0,0.8937659859657288
19.0,0.7022545337677002
19.0,0.8746410012245178
19.0,0.8222125768661499
19.0,0.7063113451004028
19.0,0.6889995336532593
19.0,0.8678936958312988
19.0,0.8898653984069824
19.0,0.3634776175022125
19.0,0.8787721395492554
19.0,0.8366199731826782
19.0,0.937652587890625
19.0,0.622214674949646
19.0,0.5344885587692261
19.0,0.8632458448410034
19.0,0.5353831648826599
19.0,0.9184763431549072
19.0,0.8470535278320312
19.0,0.8839313387870789
19.0,0.4190894961357116
19.0,0.8301920294761658
19.0,0.9068039655685424
19.0,0.8973913192749023
19.0,0.5178894400596619
19.0,0.7483095526695251
19.0,0.8477867245674133
19.0,0.9303995370864868
19.0,0.7066124081611633
19.0,0.923110842704773
19.0,0.8960927128791809
19.0,0.7126340866088867
19.0,0.8125985264778137
19.0,0.902270257472992
19.0,0.4725658893585205
19.0,0.7908872961997986
19.0,0.8404247760772705
20.0,0.90771222114563
20.0,0.8396742343902588
20.0,0.7943062782287598
20.0,0.8945388197898865
20.0,0.9050477743148804
20.0,0.8713802099227905
20.0,0.7727601528167725
20.0,0.6061349511146545
20.0,0.4383085072040558
20.0,0.857120931148529
20.0,0.8717465400695801
20.0,0.8935202360153198
20.0,0.1855352073907852
20.0,0.8649531006813049
20.0,0.7451444268226624
20.0,0.9018181562423706
20.0,0.7660737037658691
20.0,0.540107786655426
20.0,0.9239508509635924
20.0,0.787420928478241
20.0,4.1425021746199775e-10
20.0,0.7044246196746826
20.0,0.8244633078575134
20.0,8.006405260996273e-11
20.0,0.9183387160301208
20.0,0.5783079266548157
20.0,0.8203266859054565
20.0,0.8482343554496765
20.0,0.6982927918434143
20.0,0.4917697310447693
20.0,0.5278499126434326
20.0,0.6480882167816162
20.0,0.7780717015266418
20.0,0.461751639842987
20.0,0.8940479755401611
20.0,0.3645737469196319
20.0,0.51341712474823
20.0,0.753585696220398
20.0,0.90245258808136
20.0,0.8780609369277954
20.0,0.903193473815918
20.0,0.8344148993492126
20.0,0.7236720323562622
20.0,0.8155770897865295
20.0,0.8339714407920837
20.0,0.8583375215530396
20.0,0.90627121925354
20.0,0.8344700336456299
20.0,0.8423041105270386
20.0,0.8774297833442688
20.0,0.7441404461860657
20.0,0.431772381067276
20.0,0.8722212910652161
20.0,0.5506784319877625
20.0,0.8495336174964905
20.0,0.8080558180809021
20.0,0.8378276228904724
20.0,0.684585690498352
20.0,0.944077968597412
20.0,0.684829592704773
20.0,0.8916674256324768
20.0,0.3845136165618896
20.0,0.780035674571991
20.0,0.759956955909729
20.0,0.5915124416351318
20.0,0.8363674283027649
20.0,0.8852838277816772
20.0,0.8799251317977905
20.0,0.7538679242134094
20.0,0.6282914876937866
20.0,0.8715928196907043
20.0,0.4245732426643371
20.0,0.8189038038253784
20.0,0.9064437747001648
20.0,0.7649592757225037
20.0,0.6960842609405518
20.0,0.6860491037368774
20.0,0.7736970782279968
20.0,0.7277966737747192
20.0,0.8457828164100647
20.0,0.6853550672531128
20.0,0.3422200679779053
20.0,0.9497950673103333
20.0,0.5090102553367615
20.0,0.8347935080528259
20.0,0.8627711534500122
20.0,0.7287337183952332
20.0,0.8573401570320129
20.0,0.7037858366966248
20.0,0.9003118872642517
20.0,0.7121008038520813
20.0,0.7900381684303284
20.0,0.4953300058841705
20.0,0.8554304838180542
20.0,0.8717878460884094
20.0,0.9250447154045104
20.0,0.8065804243087769
20.0,0.8925637006759644
20.0,0.8233053684234619
20.0,0.842900276184082
21.0,0.8343609571456909
21.0,0.8919112086296082
21.0,0.7520973086357117
21.0,0.7695387601852417
21.0,0.447296142578125
21.0,0.6104817986488342
21.0,0.7518353462219238
21.0,0.8254297375679016
21.0,0.6975067853927612
21.0,0.7712545394897461
21.0,0.1820675283670425
21.0,0.8164384365081787
21.0,0.7978302836418152
21.0,0.8977901935577393
21.0,0.8373095989227295
21.0,0.5967183709144592
21.0,0.8969404101371765
21.0,0.8471805453300476
21.0,0.8998695611953735
21.0,0.4583602845668793
21.0,0.7307084798812866
21.0,0.5419844388961792
21.0,0.8364402055740356
21.0,0.8997225165367126
21.0,0.8463998436927795
21.0,0.6313038468360901
21.0,0.424674391746521
21.0,0.4116277694702148
21.0,0.6781262755393982
21.0,0.8288288116455078
21.0,0.6874462366104126
21.0,0.826007068157196
21.0,0.9493492245674132
21.0,0.8457189202308655
21.0,0.8266059160232544
21.0,0.5046185851097107
21.0,0.7537531852722168
21.0,0.4692229926586151
21.0,0.5022146701812744
21.0,0.7959239482879639
21.0,0.8235693573951721
21.0,0.7499517202377319
21.0,0.8179968595504761
21.0,0.8552350997924805
21.0,0.6695715188980103
21.0,0.938206911087036
21.0,0.8325910568237305
21.0,0.6738308668136597
21.0,0.5532160997390747
21.0,7.824113579246728e-11
21.0,0.7340919971466064
21.0,0.8296666741371155
21.0,0.9112750887870787
21.0,0.873619556427002
21.0,0.7394235730171204
21.0,0.8842606544494629
21.0,0.8691698908805847
21.0,0.7713409662246704
21.0,0.7033006548881531
21.0,0.7011147141456604
21.0,0.759020984172821
21.0,0.5691056847572327
21.0,0.455834150314331
21.0,0.8821290731430054
21.0,0.889728307723999
21.0,0.9025129079818726
21.0,0.7068175077438354
21.0,0.8145975470542908
21.0,0.8782626390457153
21.0,0.8990797400474548
21.0,0.8139052987098694
21.0,0.8435503244400024
21.0,4.1425021746199775e-10
21.0,0.507112979888916
21.0,0.858799934387207
21.0,0.8875320553779602
21.0,0.893475353717804
21.0,0.7822775840759277
21.0,0.444911390542984
21.0,0.8011943697929382
21.0,0.7663463354110718
21.0,0.8788546919822693
21.0,0.3601956665515899
21.0,0.6808571815490723
21.0,0.7913938164710999
21.0,0.8225032687187195
21.0,0.8528141975402832
21.0,0.7794498205184937
21.0,0.8918918967247009
21.0,0.3754045367240906
21.0,0.8571377992630005
21.0,0.8671090602874756
21.0,0.6892433762550354
21.0,0.8909427523612976
21.0,0.9224684834480286
21.0,0.7363730669021606
21.0,0.8814096450805664
21.0,0.8907355666160583
21.0,0.6910329461097717
21.0,0.3481089770793915
22.0,0.8548130393028259
22.0,0.9278608560562134
22.0,0.8606581091880798
22.0,0.8240706324577332
22.0,0.7012022137641907
22.0,0.784392774105072
22.0,0.4936139583587646
22.0,0.5184822678565979
22.0,0.8481389880180359
22.0,0.8875561952590942
22.0,0.8843761682510376
22.0,0.726777970790863
22.0,0.8396967649459839
22.0,0.8961601257324219
22.0,0.7350161075592041
22.0,0.861341655254364
22.0,0.4485303461551666
22.0,0.6731892228126526
22.0,0.7765614986419678
22.0,0.818018913269043
22.0,0.7003594636917114
22.0,0.8250395655632019
22.0,0.8955555558204651
22.0,0.7989570498466492
22.0,0.832362711429596
22.0,0.7085962295532227
22.0,0.3696072697639465
22.0,0.5096708536148071
22.0,0.467758446931839
22.0,0.5348939299583435
22.0,0.789044201374054
22.0,0.8429931402206421
22.0,0.9059239029884338
22.0,0.8904373645782471
22.0,0.9005381464958191
22.0,0.8034127354621887
22.0,0.7473253607749939
22.0,0.8824830055236816
22.0,0.8040392398834229
22.0,0.6474888324737549
22.0,0.7295737266540527
22.0,0.6915525197982788
22.0,0.5233982801437378
22.0,0.4369116723537445
22.0,0.5874947905540466
22.0,0.7012808918952942
22.0,0.8679064512252808
22.0,0.8753936886787415
22.0,0.9410645365715028
22.0,0.9097201824188232
22.0,0.6927628517150879
22.0,0.5513771772384644
22.0,0.8384226560592651
22.0,0.904510259628296
22.0,0.8708605766296387
22.0,0.8976007699966431
22.0,0.91005539894104
22.0,0.6283523440361023
22.0,0.8146676421165466
22.0,0.865628182888031
22.0,0.8715838193893433
22.0,0.5506507158279419
22.0,0.8349456191062927
22.0,0.839379072189331
22.0,0.8953105807304382
22.0,0.9517806172370912
22.0,0.9195668697357178
22.0,0.8821251392364502
22.0,0.36041259765625
22.0,0.4607292115688324
22.0,0.9089762568473816
22.0,0.8424128293991089
22.0,0.8358504176139832
22.0,0.7640084028244019
22.0,0.5996204018592834
22.0,0.8777838349342346
22.0,0.9031047821044922
22.0,0.7375271320343018
22.0,0.8263888955116272
22.0,0.8481261134147644
22.0,0.8445582985877991
22.0,0.8606774806976318
22.0,0.8137185573577881
22.0,0.619516909122467
22.0,0.9043177366256714
22.0,0.7839144468307495
22.0,0.7694500684738159
22.0,0.7677149772644043
22.0,0.9228840470314026
22.0,0.7071740627288818
22.0,0.8146536350250244
22.0,0.4687883555889129
22.0,0.8694950938224792
22.0,0.5934651494026184
22.0,4.1425021746199775e-10
22.0,0.7494840621948242
22.0,0.1868568658828735
22.0,0.8975056409835815
22.0,7.846213956330672e-11
22.0,0.7520432472229004
23.0,0.9048656225204468
23.0,0.874352753162384
23.0,0.8069295287132263
23.0,0.4719848036766052
23.0,0.906923532485962
23.0,0.7667587995529175
23.0,0.857597827911377
23.0,0.90490460395813
23.0,0.6875526905059814
23.0,0.5179540514945984
23.0,0.8390451073646545
23.0,0.4489105641841888
23.0,0.8970370292663574
23.0,0.7463613152503967
23.0,0.8817299604415894
23.0,0.6846873760223389
23.0,0.5445833802223206
23.0,0.8180785179138184
23.0,0.7860916256904602
23.0,0.873263418674469
23.0,0.9148029088974
23.0,0.8442939519882202
23.0,0.7099403738975525
23.0,0.8618917465209961
23.0,0.7080109715461731
23.0,0.4744617342948913
23.0,0.7720869779586792
23.0,0.7544761300086975
23.0,0.8068195581436157
23.0,0.6196051836013794
23.0,0.6994625926017761
23.0,0.4554811418056488
23.0,0.8927781581878662
23.0,0.8799529671669006
23.0,0.3618704378604889
23.0,0.8307660222053528
23.0,0.8768378496170044
23.0,0.8376767635345459
23.0,0.8992588520050049
23.0,0.7018045783042908
23.0,0.7272947430610657
23.0,0.8321651220321655
23.0,0.793439507484436
23.0,0.677410900592804
23.0,0.8510760068893433
23.0,0.8555198311805725
23.0,0.893883228302002
23.0,0.7970375418663025
23.0,0.7456402778625488
23.0,0.5716381072998047
23.0,0.4288230240345001
23.0,0.9230464696884156
23.0,0.7355137467384338
23.0,0.7709704637527466
23.0,0.8745651841163635
23.0,0.9262136816978456
23.0,0.8907327055931091
23.0,0.8700986504554749
23.0,0.838764488697052
23.0,0.8968056440353394
23.0,0.844701886177063
23.0,0.8169471621513367
23.0,0.8774301409721375
23.0,0.8416284918785095
23.0,4.1425021746199775e-10
23.0,0.8590417504310608
23.0,0.7242941856384277
23.0,0.9072185158729552
23.0,8.054124034373443e-11
23.0,0.4487939178943634
23.0,0.8378618359565735
23.0,0.4948135614395141
23.0,0.9018914699554444
23.0,0.9498960971832277
23.0,0.8286363482475281
23.0,0.9003167152404785
23.0,0.5383406281471252
23.0,0.8863179683685303
23.0,0.3901515007019043
23.0,0.6915038824081421
23.0,0.8548099994659424
23.0,0.3593881130218506
23.0,0.7794756293296814
23.0,0.8209221363067627
23.0,0.1852656453847885
23.0,0.7725666761398315
23.0,0.8526544570922852
23.0,0.7188160419464111
23.0,0.8060933947563171
23.0,0.9490091800689696
23.0,0.8374568223953247
23.0,0.7664307951927185
23.0,0.5970938205718994
23.0,0.7669236063957214
23.0,0.8225836753845215
23.0,0.7518356442451477
23.0,0.6524991989135742
23.0,0.4242303967475891
23.0,0.6177507638931274
23.0,0.8991735577583313
24.0,0.8172169327735901
24.0,0.8712139129638672
24.0,0.8459292054176331
24.0,0.7381300330162048
24.0,0.8423663973808289
24.0,0.7453661561012268
24.0,0.8675768971443176
24.0,0.9229629635810852
24.0,0.7810849547386169
24.0,0.8076599836349487
24.0,0.9088516235351562
24.0,0.7196762561798096
24.0,0.6391898393630981
24.0,0.8546082973480225
24.0,0.9130163192749025
24.0,0.8590967655181885
24.0,4.1425021746199775e-10
24.0,0.4237894713878631
24.0,0.8873091340065002
24.0,0.9111374616622924
24.0,0.9014187455177308
24.0,0.7993560433387756
24.0,0.8517996668815613
24.0,0.7585945725440979
24.0,0.8364284634590149
24.0,0.78758704662323
24.0,0.8041989207267761
24.0,0.8725535869598389
24.0,0.8375344276428223
24.0,0.8517417311668396
24.0,0.5162727236747742
24.0,0.875741720199585
24.0,0.7949045896530151
24.0,0.7706627249717712
24.0,0.93593031167984
24.0,0.9085071086883544
24.0,0.3916518688201904
24.0,0.8904421925544739
24.0,0.8941823840141296
24.0,0.4704192578792572
24.0,0.9045844674110411
24.0,0.690326452255249
24.0,7.849909611223893e-11
24.0,0.5425319671630859
24.0,0.9094272255897522
24.0,0.5304049849510193
24.0,0.8851190209388733
24.0,0.6238090991973877
24.0,0.8525193929672241
24.0,0.6271430850028992
24.0,0.8954402208328247
24.0,0.7892025709152222
24.0,0.7740254998207092
24.0,0.7181552648544312
24.0,0.1864648759365081
24.0,0.8653472065925598
24.0,0.8190536499023438
24.0,0.889431893825531
24.0,0.9041677117347716
24.0,0.8264495730400085
24.0,0.847783088684082
24.0,0.5205109119415283
24.0,0.9006987810134888
24.0,0.7040201425552368
24.0,0.7041406631469727
24.0,0.7849487066268921
24.0,0.9521049857139589
24.0,0.716994047164917
24.0,0.4976499676704407
24.0,0.9119898080825806
24.0,0.3628549873828888
24.0,0.7767053246498108
24.0,0.9058855772018432
24.0,0.7645171284675598
24.0,0.7453933954238892
24.0,0.4184938073158264
24.0,0.5616209506988525
24.0,0.8671624660491943
24.0,0.7765640616416931
24.0,0.6975550055503845
24.0,0.5445072650909424
24.0,0.8477147817611694
24.0,0.5694698691368103
24.0,0.9257324934005736
24.0,0.8244717717170715
24.0,0.8599855303764343
24.0,0.8498722314834595
24.0,0.8475472331047058
24.0,0.8868176937103271
24.0,0.5952735543251038
24.0,0.9307788014411926
24.0,0.7437071204185486
24.0,0.8838295340538025
24.0,0.8697147965431213
24.0,0.5582321882247925
24.0,0.4685890078544616
24.0,0.832939863204956
24.0,0.8430572748184204
24.0,0.5346260666847229
24.0,0.766452431678772
25.0,0.8945581912994385
25.0,0.9014653563499452
25.0,0.8345740437507629
25.0,0.4964533448219299
25.0,0.9063195586204528
25.0,0.6860646605491638
25.0,0.768326461315155
25.0,0.6851226687431335
25.0,0.4686861932277679
25.0,0.8579919338226318
25.0,0.8821945786476135
25.0,0.5372698307037354
25.0,0.7086696028709412
25.0,0.6005846261978149
25.0,0.8420472145080566
25.0,0.8207303285598755
25.0,0.684195339679718
25.0,0.7307806611061096
25.0,4.1425021746199775e-10
25.0,0.948441445827484
25.0,0.6240519881248474
25.0,0.4737879931926727
25.0,0.8231237530708313
25.0,0.5728355646133423
25.0,0.7730910181999207
25.0,0.8504041433334351
25.0,0.7947951555252075
25.0,0.8554500341415405
25.0,0.8330194354057312
25.0,0.5115825533866882
25.0,0.8422669172286987
25.0,0.7742685079574585
25.0,0.9029108881950378
25.0,0.7086304426193237
25.0,0.7788684368133545
25.0,0.6116805672645569
25.0,0.9132041335105896
25.0,0.8544408082962036
25.0,0.8881630897521973
25.0,0.7231366634368896
25.0,0.8572338819503784
25.0,0.3644793033599853
25.0,0.8388265371322632
25.0,0.5376416444778442
25.0,0.4443019330501556
25.0,0.7498262524604797
25.0,0.834766149520874
25.0,0.642294704914093
25.0,0.951497197151184
25.0,0.4900492429733276
25.0,0.6971388459205627
25.0,0.8114643096923828
25.0,0.8341549634933472
25.0,0.7752054929733276
25.0,0.8443288207054138
25.0,0.7867024540901184
25.0,0.4384367763996124
25.0,0.8466120362281799
25.0,0.7256959676742554
25.0,0.9224884510040284
25.0,0.7630499601364136
25.0,0.7485501766204834
25.0,0.8144045472145081
25.0,0.9021956324577332
25.0,0.7455474138259888
25.0,0.9257634282112122
25.0,0.184328094124794
25.0,0.7572857737541199
25.0,0.8950240015983582
25.0,0.8796778321266174
25.0,0.4214944541454315
25.0,0.7051545977592468
25.0,0.8880385160446167
25.0,0.9064682722091676
25.0,0.7151502966880798
25.0,0.8964820504188538
25.0,0.8711371421813965
25.0,0.8810149431228638
25.0,0.8264797329902649
25.0,0.8922756910324097
25.0,0.8293697834014893
25.0,0.8086427450180054
25.0,0.8722013235092163
25.0,0.8154069781303406
25.0,0.8734711408615112
25.0,8.080155294853951e-11
25.0,0.68448406457901
25.0,0.8988772630691528
25.0,0.7625452280044556
25.0,0.8155220150947571
25.0,0.4166666567325592
25.0,0.8728390336036682
25.0,0.8825345039367676
25.0,0.8995718955993652
25.0,0.7433308959007263
25.0,0.4775561094284057
25.0,0.3592593371868133
25.0,0.8320056796073914
25.0,0.8638599514961243
25.0,0.8675973415374756
26.0,0.915142297744751
26.0,0.6658000946044922
26.0,0.8891220688819885
26.0,0.8489773273468018
26.0,0.5628771781921387
26.0,0.5356069803237915
26.0,0.9087024927139282
26.0,0.9269590973854064
26.0,0.8648670315742493
26.0,0.7398499250411987
26.0,0.5886635184288025
26.0,0.7814521789550781
26.0,0.7515156865119934
26.0,0.5266038179397583
26.0,0.5182936787605286
26.0,0.9394394159317015
26.0,0.8034340739250183
26.0,0.8219911456108093
26.0,0.7531278729438782
26.0,0.4840015470981598
26.0,0.8970631957054138
26.0,0.8501864671707153
26.0,0.6834209561347961
26.0,0.54219651222229
26.0,0.7127002477645874
26.0,0.8572748303413391
26.0,0.8396652340888977
26.0,0.8816202878952026
26.0,7.331915630182094e-11
26.0,0.7449357509613037
26.0,0.9129239916801452
26.0,0.7993621826171875
26.0,0.4371103048324585
26.0,0.8540880680084229
26.0,0.7585181593894958
26.0,0.8103679418563843
26.0,0.8275577425956726
26.0,0.1898592263460159
26.0,0.8916905522346497
26.0,0.5901114344596863
26.0,0.8343235850334167
26.0,0.9164552688598632
26.0,0.8483022451400757
26.0,0.8846874833106995
26.0,0.9305421710014344
26.0,0.835873007774353
26.0,0.8444156646728516
26.0,0.7508866190910339
26.0,0.6196686625480652
26.0,0.6993712782859802
26.0,0.7731058597564697
26.0,0.520372211933136
26.0,0.7433927655220032
26.0,0.8517641425132751
26.0,0.5645512342453003
26.0,0.9112768173217772
26.0,0.9070200324058532
26.0,0.7685426473617554
26.0,0.5423688292503357
26.0,0.8699724674224854
26.0,0.4758043885231018
26.0,0.7925459742546082
26.0,0.6927279233932495
26.0,0.8819711804389954
26.0,0.7273065447807312
26.0,0.8870710134506226
26.0,0.8211976289749146
26.0,0.8467506766319275
26.0,0.5518375635147095
26.0,0.7837697267532349
26.0,0.3872189223766327
26.0,0.7263168692588806
26.0,0.7274454832077026
26.0,0.8967639803886414
26.0,0.9013219475746156
26.0,0.8215129971504211
26.0,0.8041179180145264
26.0,0.8483175039291382
26.0,4.1425021746199775e-10
26.0,0.8479564189910889
26.0,0.948826789855957
26.0,0.7640378475189209
26.0,0.779073178768158
26.0,0.3647628426551819
26.0,0.8632710576057434
26.0,0.8840472102165222
26.0,0.6086722612380981
26.0,0.5501726269721985
26.0,0.8936826586723328
26.0,0.8943321108818054
26.0,0.874077558517456
26.0,0.8958837985992432
26.0,0.8804658651351929
26.0,0.8923560976982117
26.0,0.6970460414886475
26.0,0.8856312036514282
26.0,0.8054520487785339
26.0,0.4965702593326568
26.0,0.8388906717300415
26.0,0.8097031712532043
27.0,0.9219319224357604
27.0,0.5116932988166809
27.0,0.922363579273224
27.0,0.8619876503944397
27.0,0.353676974773407
27.0,0.8901040554046631
27.0,0.8673811554908752
27.0,0.8855818510055542
27.0,0.8398298025131226
27.0,0.7616406083106995
27.0,0.8520430326461792
27.0,0.6478555202484131
27.0,0.6993852853775024
27.0,0.8725595474243164
27.0,0.7352145314216614
27.0,0.1863098293542862
27.0,0.4592162370681762
27.0,0.882988691329956
27.0,0.9092103838920592
27.0,0.9006664156913757
27.0,0.7632596492767334
27.0,0.6009129285812378
27.0,0.7854778170585632
27.0,0.5926094651222229
27.0,0.8888497948646545
27.0,0.5208237767219543
27.0,0.8760687112808228
27.0,0.8804227113723755
27.0,0.4833669066429138
27.0,0.8638747930526733
27.0,0.8254914283752441
27.0,0.9135549664497375
27.0,0.943841516971588
27.0,0.7892470359802246
27.0,0.7183001637458801
27.0,0.9069997072219848
27.0,7.538067392509618e-11
27.0,0.7895225882530212
27.0,0.8461450338363647
27.0,0.6204894781112671
27.0,0.8897938132286072
27.0,0.7634639143943787
27.0,0.8862337470054626
27.0,0.7645614147186279
27.0,0.3394362926483154
27.0,0.8977199196815491
27.0,0.9265626668930054
27.0,0.8693616986274719
27.0,0.864406168460846
27.0,0.9318957924842834
27.0,0.3110367953777313
27.0,0.7199749946594238
27.0,0.5155565738677979
27.0,0.7225353121757507
27.0,0.7993289232254028
27.0,0.8547579050064087
27.0,0.9014045596122742
27.0,0.8576083779335022
27.0,0.5548890233039856
27.0,0.911769688129425
27.0,0.3928265273571014
27.0,0.7545732855796814
27.0,0.838144838809967
27.0,0.8203266859054565
27.0,0.876964807510376
27.0,0.5358694791793823
27.0,0.8452416062355042
27.0,0.7604344487190247
27.0,0.856407880783081
27.0,0.8627540469169617
27.0,0.7968313097953796
27.0,0.9135398268699646
27.0,0.8517636060714722
27.0,0.4827367961406708
27.0,0.7644522786140442
27.0,0.8894152641296387
27.0,0.5988122820854187
27.0,4.1425021746199775e-10
27.0,0.7623879909515381
27.0,0.8326910734176636
27.0,0.5769715905189514
27.0,0.8993205428123474
27.0,0.5385708212852478
27.0,0.7145982980728149
27.0,0.7950825691223145
27.0,0.8263078331947327
27.0,0.7558413743972778
27.0,0.8574808239936829
27.0,0.878113865852356
27.0,0.9140361547470092
27.0,0.4787366986274719
27.0,0.91627037525177
27.0,0.7022848129272461
27.0,0.8973398208618164
27.0,0.9176347851753236
27.0,0.7686645984649658
27.0,0.9520943760871888
27.0,0.7183248996734619
27.0,0.8499456644058228
27.0,0.904258668422699
28.0,0.8598381280899048
28.0,0.8648014068603516
28.0,0.4301526546478271
28.0,0.7771866321563721
28.0,0.8927547335624695
28.0,0.5989248156547546
28.0,0.9115976095199584
28.0,0.4297463297843933
28.0,0.3607993423938751
28.0,0.5570077896118164
28.0,0.8868870735168457
28.0,0.8444340229034424
28.0,0.8288612961769104
28.0,0.8547905683517456
28.0,0.8330673575401306
28.0,0.4992271959781647
28.0,0.8362749814987183
28.0,0.7230224609375
28.0,0.758276104927063
28.0,0.8592890501022339
28.0,0.4672671258449554
28.0,0.9190268516540528
28.0,0.85089111328125
28.0,0.6085527539253235
28.0,0.719150185585022
28.0,0.8663428425788879
28.0,0.8955895900726318
28.0,0.958636462688446
28.0,0.5956994891166687
28.0,0.896623969078064
28.0,0.8851451277732849
28.0,0.7991030812263489
28.0,0.831004798412323
28.0,0.9244752526283264
28.0,0.90447735786438
28.0,0.8407924175262451
28.0,0.7265969514846802
28.0,0.8445917367935181
28.0,0.9144564270973206
28.0,1.3210039728761556e-09
28.0,0.9051623344421388
28.0,0.887944757938385
28.0,0.8813422322273254
28.0,0.8764446973800659
28.0,0.7314344048500061
28.0,0.5094898343086243
28.0,0.8697224855422974
28.0,0.5618823766708374
28.0,0.8881130218505859
28.0,0.7506429553031921
28.0,0.8579525351524353
28.0,0.7608961462974548
28.0,0.8792866468429565
28.0,0.8087180852890015
28.0,0.5378637909889221
28.0,0.8863441348075867
28.0,6.689858389474779e-11
28.0,0.1814967393875122
28.0,0.8796362280845642
28.0,0.7112461924552917
28.0,0.7892797589302063
28.0,0.9300773739814758
28.0,0.9013686180114746
28.0,4.1425021746199775e-10
28.0,0.908915638923645
28.0,0.7284565567970276
28.0,0.8442047834396362
28.0,0.7703998684883118
28.0,0.9531084895133972
28.0,0.4798958897590637
28.0,0.4225164353847503
28.0,0.7701975703239441
28.0,0.741916835308075
28.0,0.8160995841026306
28.0,0.7699509263038635
28.0,0.8730363249778748
28.0,0.8935339450836182
28.0,0.7617356181144714
28.0,0.9129449129104614
28.0,0.6914736032485962
28.0,0.8912582397460938
28.0,0.9158165454864502
28.0,0.4456465244293213
28.0,0.7471643090248108
28.0,0.6861333250999451
28.0,0.8968005180358887
28.0,0.9069520831108092
28.0,0.7452303171157837
28.0,0.8569481372833252
28.0,0.9005081653594971
28.0,0.7017810940742493
28.0,0.850114643573761
28.0,0.5951858162879944
28.0,0.7872589826583862
28.0,0.8165477514266968
28.0,0.5074662566184998
28.0,0.9209411144256592
28.0,0.8363834619522095
28.0,0.8761942982673645
28.0,0.533574640750885
29.0,0.6841610670089722
29.0,0.8168230056762695
29.0,0.8984331488609314
29.0,0.5212923884391785
29.0,0.7567111253738403
29.0,0.8348367214202881
29.0,0.39422670006752014
29.0,4.1425021746199775e-10
29.0,0.9091005921363831
29.0,0.617911159992218
29.0,0.8202003240585327
29.0,0.8798317909240723
29.0,0.873751163482666
29.0,0.9090847969055176
29.0,0.3686509132385254
29.0,0.8946871161460876
29.0,0.8341028094291687
29.0,0.9558901190757751
29.0,0.9111661911010742
29.0,0.5771195292472839
29.0,0.7066371440887451
29.0,0.8345640897750854
29.0,0.7760740518569946
29.0,0.8109805583953857
29.0,0.8974511027336121
29.0,0.8946160674095154
29.0,0.852810800075531
29.0,7.550588626559218e-11
29.0,0.7621333599090576
29.0,0.685733437538147
29.0,0.9056294560432434
29.0,0.5877837538719177
29.0,0.7896355986595154
29.0,0.8290430903434753
29.0,0.9014871716499329
29.0,0.8893507719039917
29.0,0.8610629439353943
29.0,0.753322958946228
29.0,0.5590976476669312
29.0,0.852019190788269
29.0,0.7710189819335938
29.0,0.7780047059059143
29.0,0.21653954684734344
29.0,0.7384503483772278
29.0,0.9076259136199951
29.0,0.8283261656761169
29.0,0.708828330039978
29.0,0.7832148671150208
29.0,0.7212948799133301
29.0,0.9121381640434265
29.0,0.8239101767539978
29.0,0.7772907018661499
29.0,0.9156330227851868
29.0,0.8782288432121277
29.0,0.9066399931907654
29.0,0.901144802570343
29.0,0.7330074906349182
29.0,0.8573567867279053
29.0,0.18002405762672424
29.0,0.9100817441940308
29.0,0.6713228821754456
29.0,0.8610232472419739
29.0,0.8561473488807678
29.0,0.7702745199203491
29.0,0.9053999781608582
29.0,0.8456612229347229
29.0,0.9464303851127625
29.0,0.4880392253398895
29.0,0.7658811807632446
29.0,0.5820581912994385
29.0,0.33928096294403076
29.0,0.4966319501399994
29.0,0.9201583862304688
29.0,0.157019704580307
29.0,0.8757007718086243
29.0,0.9082740545272827
29.0,0.9250510931015015
29.0,0.8720830082893372
29.0,0.7526640892028809
29.0,0.8480179309844971
29.0,0.9015576243400574
29.0,0.7164741158485413
29.0,0.8523600101470947
29.0,0.8927505612373352
29.0,0.8261880874633789
29.0,0.34706762433052063
29.0,0.5596563816070557
29.0,0.8929661512374878
29.0,0.4438307285308838
29.0,0.940816342830658
29.0,0.7999306321144104
29.0,0.4377998113632202
29.0,0.8014174103736877
29.0,0.847004771232605
29.0,0.697006344795227
29.0,0.6483952403068542
29.0,0.9151576161384583
29.0,0.6752364635467529
29.0,0.8457105159759521
29.0,0.8571842312812805
